pocetne_klase,klasteri
0,0
0,0
0,0
0,0
0,0
0,0
0,0
0,0
0,0
0,0
0,0
0,0
0,0
0,0
0,0
0,0
0,0
0,0
0,0
0,0
0,0
0,0
0,0
0,0
0,0
0,0
0,0
0,0
0,0
0,0
0,0
0,0
0,0
0,0
0,0
0,0
0,0
0,0
0,0
0,0
0,0
0,0
0,0
0,0
0,0
0,0
0,0
0,0
0,0
0,0
0,0
0,0
0,0
0,0
0,0
0,0
0,0
0,0
0,0
0,0
0,0
0,0
0,0
0,0
0,0
0,0
0,0
0,0
0,0
0,0
0,0
0,0
0,0
0,0
0,0
0,0
0,0
0,0
0,0
0,0
0,0
0,0
0,0
0,0
0,0
0,0
0,0
0,0
0,0
0,0
0,0
0,0
0,0
0,0
0,0
0,0
0,0
0,0
0,0
0,0
0,0
0,0
0,0
0,0
0,0
0,0
0,0
0,0
0,0
0,0
0,0
0,0
0,0
0,0
0,0
0,0
0,0
0,0
0,0
0,0
0,0
0,0
0,0
0,0
0,0
0,0
0,0
0,0
0,0
0,0
0,0
0,0
0,0
0,0
0,0
0,0
0,0
0,0
0,0
0,0
0,0
0,0
0,0
0,0
0,0
0,0
0,0
0,0
0,0
0,0
0,0
0,0
0,0
0,0
0,0
0,0
0,0
0,0
0,0
0,0
0,0
0,0
0,0
0,0
0,0
0,0
0,0
0,0
0,0
0,0
0,0
0,0
0,0
0,0
0,0
0,0
0,0
0,0
0,0
0,0
0,0
0,0
0,0
0,0
0,0
0,0
0,0
0,0
0,0
0,0
0,0
0,0
0,0
0,0
0,0
0,0
0,0
0,0
0,0
0,0
0,0
0,0
0,0
0,0
0,0
0,0
0,0
0,0
0,0
0,0
0,0
0,0
0,0
0,0
0,0
0,0
0,0
0,0
0,0
0,0
0,0
0,0
0,0
0,0
0,0
0,0
0,0
0,0
0,0
0,0
0,0
0,0
0,0
0,0
0,0
0,0
0,0
0,0
0,0
0,0
0,0
0,0
0,0
0,0
0,0
0,0
0,0
0,0
0,0
0,0
0,0
0,0
0,0
0,0
0,0
0,0
0,0
0,0
0,0
0,0
0,0
0,0
0,0
0,2
0,0
0,0
0,0
0,0
0,0
0,0
0,0
0,0
0,0
0,0
0,0
0,0
0,0
0,0
0,0
0,0
0,0
0,0
0,0
0,0
0,0
0,0
0,0
0,0
0,0
0,0
0,0
0,0
0,0
0,0
0,0
0,0
0,0
0,0
0,0
0,0
0,0
0,0
0,0
0,0
0,0
0,0
0,0
0,0
0,0
0,0
0,0
0,0
0,0
0,0
0,0
0,0
0,0
0,0
0,0
0,0
0,0
0,0
0,0
0,0
0,0
0,0
0,0
0,0
0,0
0,0
0,0
0,0
0,0
0,0
0,0
0,0
0,0
0,0
0,0
0,0
0,0
0,0
0,0
0,0
0,0
0,0
0,0
0,0
0,0
0,0
0,0
0,0
0,0
0,0
0,0
0,0
0,0
0,0
0,0
0,0
0,0
0,0
0,0
0,0
0,0
0,0
0,0
0,0
0,0
0,0
0,0
0,0
0,0
0,0
0,0
0,0
0,0
0,0
0,0
0,0
0,0
0,0
0,0
0,0
0,0
0,0
0,0
0,0
0,0
0,0
0,0
0,0
0,0
0,0
0,0
0,0
0,0
0,0
0,0
0,0
0,0
0,0
0,0
0,0
0,0
0,0
0,0
0,0
0,0
0,0
0,0
0,0
0,0
0,0
0,0
0,0
0,0
0,0
0,0
0,0
0,0
0,0
0,0
0,0
0,0
0,0
0,0
0,0
0,0
0,0
0,0
0,0
0,0
0,0
0,0
0,0
0,0
0,0
0,0
0,0
0,0
0,0
0,0
0,0
0,0
0,0
0,0
0,0
0,0
0,0
0,0
0,0
0,0
0,0
0,0
0,0
0,0
0,0
0,2
0,0
0,0
0,0
0,0
0,0
0,0
0,0
0,0
0,0
0,0
0,0
0,0
0,0
0,0
0,0
0,0
0,0
0,0
0,0
0,0
0,0
0,0
0,0
0,0
0,0
0,0
0,0
0,0
0,0
0,3
0,0
0,0
0,0
0,0
0,0
0,0
0,0
0,0
0,0
0,0
0,0
0,0
0,0
0,0
0,0
0,0
0,0
0,0
0,0
0,0
0,0
0,0
0,0
0,0
0,0
0,0
0,0
0,0
0,0
0,0
0,0
0,0
0,0
0,0
0,0
0,0
0,0
0,0
0,0
0,0
0,0
0,0
0,0
0,0
0,0
0,0
0,0
0,0
0,0
0,0
0,0
0,0
0,0
0,0
0,0
0,0
0,0
0,0
0,0
0,0
0,0
0,0
0,0
0,0
0,0
0,0
0,0
0,0
0,0
0,0
0,0
0,0
0,0
0,0
0,0
0,0
0,0
0,0
0,0
0,0
0,0
0,0
0,0
0,0
0,0
0,0
0,0
0,0
0,0
0,0
0,0
0,0
0,0
0,0
0,0
0,0
0,0
0,0
0,0
0,0
0,0
0,0
0,0
0,0
0,0
0,0
0,0
0,0
0,0
0,0
0,0
0,0
0,0
0,0
0,0
0,0
0,0
0,0
0,0
0,0
0,0
0,0
0,0
0,0
0,0
0,0
0,0
0,0
0,0
0,0
0,0
0,0
0,0
0,0
0,0
0,0
0,0
0,0
0,0
0,0
0,0
0,0
0,0
0,0
0,0
0,0
0,0
0,0
0,0
0,0
0,0
0,0
0,0
0,0
0,0
0,0
0,0
0,0
0,0
0,0
0,0
0,0
0,0
0,0
0,0
0,0
0,0
0,0
0,0
0,0
0,0
0,0
0,0
0,0
0,0
0,0
0,0
0,0
0,0
0,0
0,0
0,0
0,0
0,0
0,0
0,0
0,0
0,0
0,0
0,0
0,0
0,0
0,0
0,2
0,0
0,0
0,0
0,0
0,2
0,0
0,0
0,0
0,0
0,0
0,0
0,0
0,0
0,0
0,0
0,0
0,0
0,0
0,0
0,0
0,0
0,0
0,0
0,0
0,0
0,0
0,0
0,0
0,0
0,0
0,0
0,0
0,0
0,0
0,0
0,0
0,0
0,0
0,0
0,0
0,0
0,0
0,0
0,0
0,0
0,0
0,0
0,0
0,0
0,0
0,0
0,0
0,0
0,0
0,0
0,0
0,0
0,0
0,0
0,0
0,0
0,0
0,0
0,0
0,0
0,0
0,0
0,0
0,0
0,0
0,0
0,0
0,0
0,0
0,0
0,0
0,0
0,0
0,0
0,0
0,0
0,0
0,0
0,0
0,0
0,0
0,0
0,0
0,0
0,0
0,0
0,0
0,0
0,0
0,0
0,0
0,0
0,0
0,0
0,0
0,0
0,0
0,0
0,0
0,0
0,0
0,0
0,0
0,0
0,0
0,0
0,0
0,0
0,0
0,0
0,0
0,0
0,0
0,0
0,0
0,0
0,0
0,0
0,0
0,0
0,0
0,0
0,0
0,0
0,0
0,0
0,0
0,0
0,0
0,0
0,0
0,0
0,0
0,0
0,0
0,0
0,0
0,0
0,0
0,0
0,0
0,0
0,0
0,0
0,0
0,0
0,0
0,0
0,0
0,0
0,0
0,0
0,0
0,0
0,0
0,0
0,0
0,0
0,0
0,0
0,0
0,0
0,0
0,0
0,0
0,0
0,0
0,0
0,0
0,0
0,0
0,0
0,0
0,0
0,0
0,0
0,0
0,0
0,0
0,0
0,0
0,0
0,0
0,0
0,0
0,0
0,0
0,0
0,0
0,0
0,0
0,0
0,0
0,0
0,0
0,0
0,0
0,0
0,0
0,0
0,0
0,0
0,0
0,2
0,0
0,0
0,0
0,0
0,0
0,0
0,0
0,0
0,0
0,0
0,0
0,0
0,0
0,0
0,0
0,0
0,0
0,0
0,0
0,0
0,0
0,0
0,0
0,0
0,0
0,0
0,0
0,0
0,0
0,0
0,0
0,0
0,0
0,0
0,0
0,0
0,0
0,0
0,0
0,0
0,0
0,0
0,0
0,0
0,0
0,0
0,0
0,0
0,0
0,0
0,0
0,0
0,0
0,0
0,0
0,0
0,0
0,0
0,0
0,0
0,0
0,0
0,0
0,0
0,0
0,0
0,0
0,0
0,0
0,0
0,0
0,0
0,0
0,0
0,0
0,0
0,0
0,0
0,0
0,0
0,0
0,0
0,0
0,0
0,0
0,0
0,0
0,0
0,0
0,0
0,0
0,0
0,0
0,0
0,0
0,0
0,0
0,0
0,0
0,0
0,0
0,0
0,0
0,0
0,0
0,0
0,0
0,0
0,0
0,0
0,0
0,0
0,0
0,0
0,0
0,0
0,0
0,0
0,0
0,0
0,0
0,0
0,0
0,0
0,0
0,0
0,0
0,0
0,0
0,0
0,0
0,0
0,0
0,0
0,0
0,0
0,0
0,0
0,0
0,0
0,0
0,0
0,0
0,0
0,0
0,0
0,0
0,0
0,0
0,0
0,0
0,0
0,0
0,0
0,0
0,0
0,0
0,0
0,0
0,0
0,0
0,0
0,0
0,0
0,0
0,0
0,0
0,0
0,0
0,0
0,0
0,0
0,0
0,0
0,0
0,0
0,0
0,0
0,0
0,0
0,0
0,0
0,0
0,0
0,0
0,0
0,0
0,0
0,0
0,0
0,0
0,0
0,0
0,0
0,0
0,0
0,0
0,0
0,0
0,0
0,0
0,0
0,0
0,0
0,0
0,0
0,0
0,0
0,0
0,0
0,0
0,0
0,0
0,0
0,0
0,0
0,0
0,0
0,0
0,0
0,0
0,0
0,0
0,0
0,0
0,0
0,0
0,0
0,0
0,0
0,0
0,0
0,0
0,0
0,0
0,0
0,0
0,0
0,0
0,0
0,0
0,0
0,0
0,0
0,0
0,0
0,0
0,0
0,0
0,0
0,0
0,0
0,0
0,0
0,0
0,0
0,0
0,0
0,0
0,0
0,0
0,0
0,0
0,0
0,0
0,0
0,0
0,0
0,0
0,0
0,0
0,0
0,0
0,0
0,0
0,0
0,0
0,0
0,0
0,0
0,0
0,0
0,0
0,0
0,0
0,0
0,0
0,0
0,0
0,0
0,0
0,0
0,0
0,0
0,0
0,0
0,0
0,0
0,0
0,0
0,0
0,0
0,0
0,0
0,0
0,0
0,0
0,0
0,0
0,0
0,0
0,0
0,0
0,0
0,0
0,0
0,0
0,0
0,0
0,0
0,0
0,0
0,0
0,0
0,0
0,0
0,0
0,0
0,0
0,0
0,0
0,0
0,0
0,0
0,0
0,0
0,0
0,0
0,0
0,0
0,0
0,0
0,0
0,0
0,0
0,0
0,0
0,0
0,0
0,0
0,0
0,0
0,0
0,0
0,0
0,0
0,0
0,0
0,0
0,0
0,0
0,0
0,0
0,0
0,0
0,0
0,0
0,0
0,0
0,0
0,0
0,0
0,0
0,0
0,0
0,0
0,0
0,0
0,0
0,0
0,0
0,0
0,0
0,0
0,0
0,0
0,0
0,0
0,0
0,0
0,0
0,0
0,0
0,0
0,0
0,0
0,0
0,0
0,0
0,0
0,0
0,0
0,0
0,0
0,0
0,0
0,0
0,0
0,0
0,0
0,0
0,0
0,0
0,0
0,0
0,0
0,0
0,0
0,0
0,0
0,0
0,0
0,0
0,0
0,0
0,0
0,0
0,0
0,0
0,0
0,0
0,0
0,0
0,0
0,0
0,0
0,0
0,0
0,0
0,0
0,0
0,0
0,0
0,0
0,0
0,0
0,0
0,0
0,0
0,0
0,0
0,0
0,0
0,0
0,0
0,0
0,0
0,0
0,0
0,0
0,0
0,0
0,0
0,0
0,0
0,0
0,0
0,0
0,0
0,0
0,0
0,0
0,0
0,0
0,0
0,0
0,0
0,0
0,0
0,0
0,0
0,0
0,0
0,0
0,0
0,0
0,0
0,0
0,0
0,0
0,0
0,0
0,0
0,0
0,0
0,0
0,0
0,0
0,0
0,0
0,0
0,0
0,0
0,0
0,0
0,0
0,0
0,0
0,0
0,0
0,0
0,0
0,0
0,0
0,0
0,0
0,0
0,0
0,0
0,0
0,0
0,0
0,0
0,0
0,0
0,0
0,0
0,0
0,0
0,0
0,0
0,0
0,0
0,0
0,0
0,0
0,0
0,0
0,0
0,0
0,0
0,0
0,0
0,0
0,0
0,0
0,0
0,0
0,0
0,0
0,0
0,0
0,0
0,0
0,0
0,0
0,0
0,0
0,0
0,0
0,0
0,0
0,0
0,0
0,0
0,0
0,0
0,0
0,0
0,0
0,0
0,0
0,0
0,0
0,0
0,0
0,0
0,0
0,0
0,0
0,0
0,0
0,0
0,0
0,0
0,0
0,0
0,0
0,0
0,0
0,0
0,0
0,0
0,0
0,0
0,0
0,0
0,0
0,0
0,0
0,0
0,0
0,0
0,0
0,0
0,0
0,0
0,0
0,0
0,0
0,0
0,0
0,0
0,0
0,0
0,0
0,0
0,0
0,0
0,0
0,0
0,0
0,0
0,0
0,0
0,0
0,0
0,0
0,0
0,0
0,0
0,0
0,0
0,0
0,0
0,0
0,0
0,0
0,0
0,0
0,0
0,0
0,0
0,0
0,0
0,0
0,0
0,0
0,0
0,0
0,0
0,0
0,0
0,0
0,0
0,0
0,0
0,0
0,0
0,0
0,0
0,0
0,0
0,0
0,0
0,0
0,0
0,0
0,0
0,0
0,0
0,0
0,0
0,0
0,0
0,0
0,0
0,0
0,0
0,0
0,0
0,0
0,0
0,0
0,0
0,0
0,0
0,0
0,0
0,0
0,0
0,0
0,0
0,0
0,0
0,0
0,0
0,0
0,0
0,0
0,0
0,0
0,0
0,0
0,0
0,0
0,0
0,0
0,0
0,0
0,0
0,0
0,0
0,0
0,0
0,0
0,0
0,0
0,0
0,0
0,0
0,0
0,0
0,0
0,0
0,0
0,0
0,0
0,0
0,0
0,0
0,0
0,0
0,0
0,0
0,0
0,0
0,0
0,0
0,0
0,0
0,0
0,0
0,0
0,0
0,0
0,0
0,0
0,0
0,0
0,0
0,0
0,0
0,0
0,0
0,0
0,0
0,0
0,0
0,0
0,0
0,0
0,0
0,0
0,0
0,0
0,0
0,0
0,0
0,0
0,0
0,0
0,0
0,0
0,0
0,0
0,0
0,0
0,0
0,0
0,0
0,0
0,0
0,0
0,0
0,0
0,0
0,0
0,0
0,0
0,0
0,0
0,0
0,0
0,0
0,0
0,0
0,0
0,0
0,0
0,0
0,0
0,0
0,0
0,0
0,0
0,0
0,0
0,0
0,0
0,0
0,0
0,0
0,0
0,0
0,0
0,0
0,0
0,0
0,0
0,0
0,0
0,0
0,2
0,0
0,0
0,0
0,0
0,0
0,0
0,0
0,0
0,0
0,0
0,0
0,0
0,0
0,0
0,0
0,0
0,0
0,0
0,0
0,0
0,0
0,0
0,0
0,0
0,0
0,0
0,0
0,0
0,0
0,0
0,0
0,0
0,0
0,0
0,0
0,0
0,0
0,0
0,0
0,0
0,0
0,0
0,0
0,0
0,0
0,0
0,0
0,0
0,0
0,0
0,0
0,0
0,0
0,0
0,0
0,0
0,0
0,0
0,0
0,0
0,0
0,0
0,0
0,0
0,0
0,0
0,0
0,0
0,0
0,0
0,0
0,0
0,0
0,0
0,0
0,0
0,0
0,0
0,0
0,0
0,0
0,0
0,0
0,0
0,0
0,0
0,0
0,0
0,0
0,0
0,2
0,0
0,0
0,0
0,0
0,0
0,0
0,0
0,0
0,0
0,0
0,0
0,0
0,0
0,0
0,0
0,0
0,0
0,0
0,0
0,0
0,0
0,0
0,0
0,0
0,0
0,0
0,0
0,0
0,0
0,0
0,0
0,0
0,0
0,0
0,0
0,0
0,0
0,0
0,0
0,0
0,0
0,0
0,0
0,0
0,0
0,0
0,0
0,0
0,0
0,0
0,0
0,0
0,0
0,0
0,0
0,0
0,0
0,0
0,0
0,0
0,0
0,0
0,0
0,0
0,0
0,0
0,0
0,0
0,0
0,0
1,3
1,3
1,3
1,3
1,3
1,3
1,3
1,3
1,3
1,3
1,3
1,3
1,3
1,3
1,3
1,3
1,3
1,3
1,3
1,3
1,3
1,3
1,3
1,3
1,3
1,3
1,3
1,3
1,3
1,3
1,3
1,3
1,3
1,3
1,3
1,3
1,3
1,3
1,3
1,3
1,3
1,3
1,3
1,3
1,3
1,3
1,3
1,3
1,3
1,3
1,3
1,3
1,3
1,3
1,3
1,3
1,3
1,3
1,3
1,3
1,3
1,3
1,3
1,3
1,3
1,3
1,3
1,3
1,3
1,3
1,3
1,3
1,3
1,3
1,3
1,3
1,3
1,3
1,3
1,3
1,3
1,3
1,3
1,3
1,3
1,3
1,3
1,3
1,3
1,3
1,3
1,3
1,3
1,3
1,3
1,3
1,3
1,3
1,3
1,3
1,3
1,3
1,3
1,3
1,3
1,3
1,3
1,3
1,3
1,3
1,3
1,3
1,3
1,3
1,3
1,3
1,3
1,3
1,3
1,3
1,3
1,3
1,3
1,3
1,3
1,3
1,3
1,3
1,3
1,3
1,3
1,3
1,3
1,3
1,3
1,3
1,3
1,3
1,3
1,3
1,3
1,3
1,3
1,3
1,3
1,3
1,3
1,3
1,3
1,3
1,3
1,3
1,3
1,3
1,3
1,3
1,3
1,3
1,3
1,3
1,3
1,3
1,3
1,3
1,0
1,0
1,0
1,0
1,2
1,0
1,0
1,0
1,0
1,0
1,3
1,3
1,3
1,3
1,3
1,3
1,3
1,3
1,0
1,3
1,3
1,3
1,3
1,3
1,3
1,3
1,3
1,3
1,3
1,3
1,3
1,3
1,3
1,3
1,3
1,3
1,3
1,3
1,0
1,0
1,0
1,0
1,0
1,0
1,0
1,0
1,0
1,0
1,0
1,0
1,0
1,0
1,0
1,0
1,0
1,0
1,0
1,0
1,0
1,0
1,0
1,0
1,0
1,0
1,0
1,0
1,0
1,0
1,0
1,0
1,0
1,0
1,0
1,0
1,0
1,0
1,0
1,0
1,0
1,0
1,0
1,0
1,0
1,0
1,0
1,3
1,0
1,0
1,0
1,0
1,0
1,0
1,0
1,0
1,0
1,0
1,0
1,0
1,0
1,0
1,0
1,0
1,0
1,0
1,0
1,0
2,3
2,3
2,3
2,3
2,3
2,3
2,3
2,3
2,3
2,3
2,3
2,3
2,3
2,3
2,3
2,3
2,3
2,3
2,3
2,3
2,3
2,3
2,3
2,3
2,3
2,3
2,3
2,3
2,3
2,3
2,3
2,3
2,3
2,3
2,3
2,3
2,3
2,3
2,3
2,3
2,3
2,3
2,3
2,3
2,3
2,3
2,3
2,3
2,3
2,3
2,3
2,3
2,3
2,3
2,3
2,3
2,3
2,3
2,3
2,3
2,3
2,3
2,3
2,3
2,3
2,3
2,3
2,3
2,3
2,3
2,3
2,3
2,3
2,3
2,3
2,3
2,3
2,3
2,3
2,3
2,3
2,3
2,3
2,3
2,3
2,3
2,3
2,3
2,3
2,3
2,3
2,3
2,3
2,3
2,3
2,3
2,3
2,3
2,3
2,3
2,3
2,3
2,3
2,3
2,3
2,3
2,3
2,3
2,3
2,3
2,3
2,3
2,3
2,3
2,3
2,3
2,3
2,3
2,3
2,3
2,3
2,3
2,3
2,3
2,3
2,3
2,3
2,3
2,3
2,3
2,3
2,3
2,3
2,3
2,3
2,3
2,3
2,3
2,3
2,3
2,3
2,3
2,3
2,3
2,3
2,3
2,3
2,3
2,3
2,3
2,3
2,3
2,3
2,3
2,3
2,3
2,3
2,3
2,3
2,3
2,3
2,3
2,3
2,3
2,3
2,3
2,3
2,3
2,3
2,3
2,3
2,3
2,3
2,3
2,3
2,3
2,3
2,3
2,3
2,3
2,3
2,3
2,3
2,3
2,3
2,3
2,3
2,3
2,3
2,3
2,3
2,3
2,3
2,3
2,3
2,3
2,3
2,3
2,3
2,3
2,3
2,3
2,3
2,3
2,3
2,3
2,3
2,3
2,3
2,3
2,3
2,3
2,3
2,3
2,3
2,3
2,3
2,3
2,3
2,3
2,3
2,3
2,3
2,3
2,3
2,3
2,3
2,3
2,3
2,3
2,3
2,3
2,3
2,3
2,3
2,3
2,3
2,3
2,3
2,3
2,3
2,3
2,3
2,3
2,3
2,3
2,3
2,3
2,3
2,3
2,3
2,3
2,3
2,3
2,3
2,3
2,3
2,3
2,3
2,3
2,3
2,3
2,3
2,3
2,3
2,3
2,3
2,3
2,3
2,3
2,3
2,3
2,3
2,3
2,3
2,3
2,3
2,3
2,3
2,3
2,3
2,3
2,3
2,3
2,3
2,3
2,3
2,3
2,3
2,3
2,3
2,3
2,3
2,3
2,3
2,3
2,3
2,3
2,3
2,3
2,3
2,3
2,3
2,3
2,3
2,3
2,3
2,3
2,3
2,3
2,3
2,3
2,3
2,3
2,3
2,3
2,3
2,3
2,3
2,3
2,3
2,3
2,3
2,3
2,3
2,3
2,3
2,3
2,3
2,3
2,3
2,3
2,3
2,3
2,3
2,3
2,3
2,3
2,3
2,3
2,3
2,3
2,3
2,3
2,3
2,3
2,3
2,3
2,3
2,3
2,3
2,3
2,3
2,3
2,3
2,3
2,3
2,3
2,3
2,3
2,3
2,3
2,3
2,3
2,3
2,3
2,3
2,3
2,3
2,3
2,3
2,3
2,3
2,3
2,3
2,3
2,3
2,3
2,3
2,3
2,3
2,3
2,3
2,3
2,3
2,3
2,3
2,3
2,3
2,3
2,3
2,3
2,3
2,3
2,3
2,3
2,3
2,3
2,3
2,3
2,3
2,3
2,3
2,3
2,3
2,3
2,3
2,3
2,3
2,3
2,3
2,3
2,3
2,3
2,3
2,3
2,3
2,3
2,3
2,3
2,3
2,3
2,3
2,3
2,3
2,3
2,3
2,3
2,3
2,3
2,3
2,3
2,3
2,3
2,3
2,3
2,3
2,3
2,3
2,3
2,3
2,3
2,3
2,3
2,3
2,3
2,3
2,3
2,3
2,3
2,3
2,3
2,3
2,3
2,3
2,3
2,3
2,3
2,3
2,3
2,3
2,3
2,3
2,3
2,3
2,3
2,3
2,3
2,3
2,3
2,3
2,3
2,3
2,3
2,3
2,3
2,3
2,3
2,3
2,3
2,3
2,3
2,3
2,3
2,3
2,3
2,3
2,3
2,3
2,3
2,3
2,3
2,3
2,3
2,3
2,3
2,3
2,3
2,3
2,3
2,3
2,3
2,3
2,3
2,3
2,3
2,3
2,3
2,3
2,3
2,3
2,3
2,3
2,3
2,3
2,3
2,3
2,3
2,3
2,3
2,3
2,3
2,3
2,3
2,3
2,3
2,3
2,3
2,3
2,3
2,3
2,3
2,3
2,3
2,3
2,3
2,3
2,3
2,3
2,3
2,3
2,3
2,3
2,3
2,3
2,3
2,3
2,3
2,3
2,3
2,3
2,3
2,3
2,3
2,3
2,3
2,3
2,3
2,3
2,3
2,3
2,3
2,3
2,3
2,3
2,3
2,3
2,3
2,3
2,3
2,3
2,3
2,3
2,3
2,3
2,3
2,3
2,3
2,0
2,3
2,3
2,3
2,3
2,3
2,3
2,3
2,3
2,3
2,3
2,3
2,3
2,3
2,3
2,3
2,3
2,3
2,3
2,3
2,3
2,3
2,3
2,3
2,3
2,3
2,3
2,3
2,3
2,3
2,3
2,3
2,3
2,3
2,3
2,3
2,3
2,3
2,3
2,3
2,3
2,3
2,3
2,3
2,3
2,3
2,3
2,3
2,3
2,3
2,3
2,3
2,3
2,3
2,3
2,3
2,3
2,3
2,3
2,3
2,3
2,3
2,3
2,3
2,3
2,3
2,3
2,3
2,3
2,3
2,3
2,3
2,3
2,3
2,3
2,3
2,3
2,3
2,3
2,3
2,3
2,3
2,3
2,3
2,3
2,3
2,3
2,3
2,3
2,3
2,3
2,3
2,3
2,3
2,3
2,3
2,3
2,3
2,3
2,3
2,3
2,3
2,3
2,3
2,3
2,3
2,3
2,3
2,3
2,3
2,3
2,3
2,3
2,3
2,3
2,3
2,3
2,3
2,3
2,3
2,3
2,3
2,3
2,3
2,3
2,3
2,3
2,3
2,3
2,3
2,3
2,3
2,3
2,3
2,3
2,3
2,3
2,3
2,3
2,3
2,3
2,3
2,3
2,3
2,3
2,3
2,3
2,3
2,3
2,3
2,3
2,3
2,3
2,3
2,3
2,3
2,3
2,3
2,3
2,3
2,3
2,3
2,3
2,3
2,3
2,3
2,3
2,3
2,3
2,3
2,3
2,3
2,3
2,3
2,3
2,3
2,3
2,3
2,3
2,3
2,3
2,3
2,3
2,3
2,3
2,3
2,3
2,3
2,3
2,3
2,3
2,3
2,3
2,3
2,3
2,3
2,3
2,3
2,3
2,3
2,3
2,3
2,3
2,3
2,3
2,3
2,3
2,3
2,3
2,3
2,3
2,3
2,3
2,3
2,3
2,3
2,3
2,3
2,3
2,3
2,3
2,3
2,3
2,3
2,3
2,3
2,3
2,3
2,3
2,3
2,3
2,3
2,3
2,3
2,3
2,3
2,3
2,3
2,3
2,3
2,3
2,3
2,3
2,3
2,3
2,3
2,3
2,3
2,3
2,3
2,3
2,3
2,3
2,3
2,3
2,3
2,3
2,3
2,3
2,3
2,3
2,3
2,3
2,3
2,3
2,3
2,3
2,3
2,3
2,3
2,3
2,3
2,3
2,3
2,3
2,3
2,3
2,3
2,3
2,3
2,3
2,3
2,3
2,3
2,3
2,3
2,3
2,3
2,3
2,3
2,3
2,3
2,3
2,3
2,3
2,3
2,3
2,3
2,3
2,3
2,3
2,3
2,3
2,3
2,3
2,3
2,3
2,3
2,3
2,3
2,3
2,3
2,3
2,3
2,3
2,3
2,3
2,3
2,3
2,3
2,3
2,3
2,3
2,3
2,3
2,0
2,3
2,3
2,3
2,3
2,3
2,3
2,3
2,3
2,3
2,3
2,3
2,3
2,3
2,3
2,3
2,3
2,3
2,3
2,3
2,3
2,3
2,3
2,3
2,3
2,3
2,3
2,3
2,3
2,3
2,3
2,3
2,3
2,3
2,3
2,3
2,3
2,3
2,3
2,3
2,3
2,3
2,3
2,3
2,3
2,3
2,3
2,3
2,3
2,3
2,3
2,3
2,3
2,3
2,3
2,3
2,3
2,3
2,3
2,3
2,3
2,3
2,3
2,3
2,3
2,3
2,3
2,3
2,3
2,3
2,3
2,3
2,3
2,3
2,3
2,3
2,3
2,3
2,3
2,3
2,3
2,3
2,3
2,3
2,3
2,3
2,3
2,3
2,3
2,3
2,3
2,3
2,3
2,3
2,3
2,3
2,3
2,3
2,3
2,3
2,3
2,3
2,3
2,3
2,3
2,3
2,3
2,3
2,3
2,3
2,3
2,3
2,3
2,3
2,3
2,3
2,3
2,3
2,3
2,3
2,3
2,3
2,3
2,3
2,3
2,3
2,3
2,3
2,3
2,3
2,3
2,3
2,3
2,3
2,3
2,3
2,3
2,3
2,3
2,3
2,3
2,3
2,3
2,3
2,3
2,3
2,3
2,3
2,3
2,3
2,3
2,3
2,3
2,3
2,3
2,3
2,3
2,3
2,3
2,3
2,3
2,3
2,3
2,3
2,3
2,3
2,3
2,3
2,3
2,3
2,3
2,3
2,3
2,3
2,3
2,3
2,3
2,3
2,3
2,3
2,3
2,3
2,3
2,3
2,3
2,3
2,3
2,3
2,3
2,3
2,3
2,3
2,3
2,3
2,3
2,3
2,3
2,3
2,3
2,3
2,3
2,3
2,3
2,3
2,3
2,3
2,3
2,3
2,3
2,3
2,3
2,3
2,3
2,3
2,3
2,3
2,3
2,3
2,3
2,3
2,3
2,3
2,3
2,3
2,3
2,3
2,3
2,3
2,3
2,3
2,3
2,3
2,3
2,3
2,3
2,3
2,3
2,3
2,3
2,3
2,3
2,3
2,3
2,3
2,3
2,3
2,3
2,3
2,3
2,3
2,3
2,3
2,3
2,3
2,3
2,3
2,3
2,3
2,3
2,3
2,3
2,3
2,3
2,3
2,3
2,3
2,3
2,3
2,3
2,3
2,3
2,3
2,3
2,3
2,3
2,3
2,3
2,3
2,3
2,3
2,3
2,3
2,3
2,3
2,3
2,3
2,3
2,3
2,3
2,3
2,3
2,3
2,3
2,3
2,3
2,3
2,3
2,3
2,3
2,3
2,3
2,3
2,3
2,3
2,3
2,3
2,3
2,3
2,3
2,3
2,3
2,3
2,3
2,3
2,3
2,3
2,3
2,3
2,3
2,3
2,3
2,3
2,3
2,3
2,3
2,3
2,3
2,3
2,3
2,3
2,3
2,3
2,3
2,3
2,3
2,3
2,3
2,3
2,3
2,3
2,3
2,3
2,3
2,3
2,3
2,3
2,3
2,3
2,3
2,3
2,3
2,3
2,3
2,3
2,3
2,3
2,3
2,3
2,3
2,3
2,3
2,3
2,3
2,3
2,3
2,3
2,3
2,3
2,3
2,3
2,3
2,3
2,3
2,3
2,3
2,3
2,3
2,3
2,3
2,3
2,3
2,3
2,3
2,3
2,3
2,3
2,3
2,3
2,3
2,3
2,3
2,3
2,3
2,3
2,3
2,3
2,3
2,3
2,3
2,3
2,3
2,3
2,3
2,3
2,3
2,3
2,3
2,3
2,3
2,3
2,3
2,3
2,3
2,3
2,3
2,3
2,3
2,3
2,3
2,3
2,3
2,3
2,3
2,3
2,3
2,3
2,0
2,3
2,3
2,3
2,3
2,3
2,3
2,3
2,3
2,3
2,3
2,3
2,3
2,3
2,3
2,3
2,3
2,3
2,3
2,3
2,3
2,3
2,3
2,3
2,3
2,3
2,3
2,3
2,3
2,3
2,3
2,3
2,3
2,3
2,3
2,3
2,3
2,3
2,3
2,3
2,3
2,3
2,3
2,3
2,3
2,3
2,3
2,3
2,3
2,3
2,3
2,3
2,3
2,3
2,3
2,3
2,3
2,3
2,3
2,3
2,3
2,3
2,3
2,3
2,3
2,3
2,3
2,3
2,3
2,3
2,3
2,3
2,3
2,3
2,3
2,3
2,3
2,3
2,3
2,3
2,3
2,3
2,3
2,3
2,3
2,3
2,3
2,3
2,3
2,3
2,3
2,3
2,3
2,3
2,3
2,3
2,3
2,3
2,3
2,3
2,3
2,3
2,3
2,3
2,3
2,3
2,3
2,3
2,3
2,3
2,3
2,3
2,3
2,3
2,3
2,3
2,3
2,3
2,3
2,3
2,3
2,3
2,3
2,3
2,3
2,3
2,3
2,3
2,3
2,3
2,3
2,3
2,3
2,3
2,3
2,3
2,3
2,3
2,3
2,3
2,3
2,3
2,3
2,0
2,3
2,3
2,3
2,3
2,3
2,3
2,3
2,3
2,3
2,3
2,3
2,3
2,3
2,3
2,3
2,3
2,3
2,3
2,3
2,3
2,3
2,3
2,3
2,3
2,3
2,3
2,3
2,3
2,3
2,3
2,3
2,3
2,3
2,3
2,3
2,3
2,3
2,3
2,3
2,3
2,3
2,3
2,3
2,3
2,3
2,3
2,3
2,3
2,3
2,3
2,3
2,3
2,3
2,3
2,3
2,3
2,3
2,3
2,3
2,3
2,3
2,3
2,3
2,3
2,3
2,3
2,3
2,3
2,3
2,3
2,3
2,3
2,3
2,3
2,3
2,3
2,3
2,3
2,3
2,3
2,3
2,3
2,3
2,3
2,3
2,3
2,3
2,3
2,3
2,3
2,3
2,3
2,3
2,3
2,3
2,3
2,3
2,3
2,3
2,3
2,3
2,3
2,3
2,3
2,3
2,3
2,3
2,3
2,3
2,3
2,3
2,3
2,3
2,3
2,3
2,3
2,3
2,3
2,3
2,3
2,3
2,3
2,3
2,3
2,3
2,3
2,3
2,3
2,3
2,3
2,3
2,3
2,3
2,3
2,3
2,3
2,3
2,3
2,3
2,3
2,3
2,3
2,3
2,3
2,3
2,3
2,3
2,3
2,3
2,3
2,3
2,3
2,3
2,3
2,3
2,3
2,3
2,3
2,3
2,3
2,3
2,3
2,3
2,3
2,3
2,3
2,3
2,3
2,3
2,3
2,3
2,3
2,3
2,3
2,3
2,3
2,3
2,3
2,3
2,3
2,3
2,3
2,3
2,3
2,3
2,3
2,3
2,3
2,3
2,3
2,3
2,3
2,3
2,3
2,3
2,3
2,3
2,3
2,3
2,3
2,3
2,3
2,3
2,3
2,3
2,3
2,3
2,3
2,3
2,3
2,3
2,0
2,3
2,3
2,3
2,3
2,3
2,3
2,3
2,3
2,3
2,3
2,3
2,3
2,3
2,3
2,3
2,3
2,3
2,3
2,3
2,3
2,3
2,3
2,3
2,3
2,3
2,3
2,3
2,3
2,3
2,3
2,3
2,3
2,3
2,3
2,3
2,3
2,3
2,3
2,3
2,3
2,3
2,3
2,3
2,3
2,3
2,3
2,3
2,3
2,3
2,3
2,0
2,3
2,3
2,3
2,3
2,3
2,3
2,3
2,3
2,3
2,3
2,3
2,3
2,3
2,3
2,3
2,3
2,3
2,3
2,3
2,3
2,3
2,3
2,3
2,3
2,3
2,3
2,3
2,3
2,3
2,3
2,3
2,3
2,3
2,3
2,3
2,3
2,3
2,3
2,3
2,3
2,3
2,3
2,3
2,3
2,3
2,3
2,3
2,3
2,3
2,3
2,3
2,3
2,3
2,3
2,3
2,3
2,3
2,3
2,3
2,3
2,3
2,3
2,3
2,3
2,3
2,3
2,3
2,3
2,3
2,3
2,3
2,3
2,3
2,3
2,3
2,3
2,3
2,3
2,3
2,3
2,3
2,3
2,3
2,3
2,3
2,3
2,3
2,3
2,3
2,3
2,3
2,3
2,3
2,3
2,3
2,3
2,3
2,3
2,3
2,3
2,3
2,3
2,3
2,3
2,3
2,3
2,3
2,3
2,3
2,3
2,3
2,3
2,3
2,3
2,3
2,3
2,3
2,3
2,3
2,3
2,3
2,3
2,3
2,3
2,3
2,3
2,3
2,3
2,3
2,3
2,3
2,3
2,3
2,3
2,3
2,3
2,3
2,3
2,3
2,3
2,3
2,3
2,3
2,3
2,3
2,3
2,3
2,3
2,3
2,3
2,3
2,3
2,3
2,3
2,3
2,3
2,3
2,3
2,3
2,3
2,3
2,3
2,3
2,3
2,3
2,3
2,3
2,3
2,3
2,3
2,3
2,3
2,3
2,3
2,3
2,3
2,3
2,3
2,3
2,3
2,3
2,3
2,3
2,3
2,3
2,3
2,3
2,3
2,3
2,3
2,3
2,3
2,3
2,3
2,3
2,3
2,3
2,3
2,3
2,3
2,3
2,3
2,3
2,3
2,3
2,3
2,3
2,3
2,3
2,3
2,3
2,3
2,3
2,3
2,3
2,3
2,3
2,3
2,3
2,3
2,3
2,3
2,3
2,3
2,3
2,3
2,3
2,3
2,3
2,3
2,3
2,3
2,3
2,3
2,3
2,3
2,3
2,3
2,3
2,3
2,3
2,3
2,3
2,3
2,3
2,3
2,3
2,3
2,3
2,3
2,3
2,3
2,3
2,3
2,3
2,3
2,3
2,3
2,3
2,3
2,3
2,3
2,3
2,3
2,3
2,3
2,3
2,3
2,3
2,3
3,0
3,0
3,0
3,0
3,0
3,0
3,0
3,0
3,0
3,0
3,0
3,0
3,0
3,0
3,0
3,0
3,0
3,0
3,0
3,0
3,0
3,0
3,0
3,0
3,0
3,0
3,0
3,0
3,0
3,0
3,0
3,0
3,0
3,0
3,0
3,0
3,0
3,0
3,0
3,0
3,0
3,0
3,0
3,0
3,0
3,0
3,0
3,0
3,0
3,0
3,0
3,0
3,0
3,0
3,0
3,0
3,0
3,0
3,0
3,0
3,0
3,0
3,0
3,0
3,0
3,0
3,0
3,0
3,0
3,0
3,0
3,0
3,0
3,0
3,0
3,0
3,0
3,0
3,0
3,0
3,0
3,0
3,0
3,0
3,0
3,0
3,0
3,0
3,0
3,0
3,0
3,0
3,0
3,0
3,0
3,0
3,0
3,0
3,0
3,0
3,0
3,0
3,0
3,1
3,0
3,0
3,0
3,0
3,0
3,0
3,0
3,0
3,0
3,0
3,0
3,0
3,0
3,0
3,0
3,0
3,0
3,0
3,0
3,0
3,0
3,0
3,0
3,0
3,0
3,0
3,0
3,0
3,0
3,0
3,0
3,0
3,0
3,0
3,0
3,0
3,0
3,0
3,0
3,0
3,0
3,0
3,0
3,0
3,0
3,0
3,0
3,0
3,0
3,0
3,0
3,0
3,0
3,0
3,0
3,0
3,0
3,0
3,0
3,0
3,0
3,1
3,0
3,0
3,0
3,0
3,0
3,0
3,0
3,0
3,0
3,0
3,0
3,0
3,0
3,0
3,0
3,0
3,0
3,0
3,0
3,0
3,0
3,0
3,0
3,0
3,0
3,0
3,0
3,0
3,0
3,0
3,0
3,0
3,0
3,0
3,0
3,0
3,0
3,0
3,0
3,0
3,0
3,0
3,0
3,0
3,0
3,0
3,0
3,0
3,0
3,0
3,0
3,0
3,0
3,0
3,0
3,0
3,0
3,0
3,0
3,0
3,0
3,0
3,0
3,0
3,0
3,0
3,0
3,0
3,0
3,0
3,0
3,0
3,0
3,0
3,0
3,0
3,0
3,0
3,0
3,0
3,0
3,0
3,0
3,0
3,0
3,0
3,0
3,0
3,0
3,0
3,0
3,0
3,0
3,0
3,0
3,0
3,0
3,0
3,0
3,0
3,0
3,0
3,0
3,0
3,0
3,0
3,0
3,0
3,0
3,0
3,0
3,0
3,0
3,0
3,0
3,0
3,0
3,0
3,0
3,0
3,0
3,0
3,0
3,0
3,0
3,0
3,0
3,0
3,0
3,0
3,0
3,0
3,0
3,0
3,0
3,0
3,0
3,0
3,0
3,0
3,0
3,0
3,0
3,0
3,0
3,0
3,0
3,0
3,0
3,0
3,0
3,0
3,0
3,0
3,0
3,0
3,0
3,0
3,0
3,0
3,0
3,0
3,0
3,0
3,0
3,0
3,0
3,0
3,0
3,0
3,0
3,0
3,0
3,0
3,0
3,0
3,0
3,0
3,0
3,0
3,0
3,0
3,0
3,0
3,0
3,0
3,0
3,0
3,0
3,0
3,0
3,0
3,0
3,0
3,0
3,0
3,0
3,0
3,0
3,0
3,0
3,0
3,0
3,0
3,0
3,0
3,0
3,0
3,0
3,0
3,0
3,0
3,0
3,0
3,0
3,0
3,0
3,0
3,0
3,0
3,0
3,0
3,0
3,0
3,0
3,0
3,0
3,0
3,0
3,0
3,0
3,0
3,0
3,0
3,0
3,0
3,0
3,0
3,0
3,0
3,0
3,0
3,0
3,0
3,0
3,0
3,0
3,0
3,0
3,0
3,0
3,0
3,0
3,0
3,0
3,0
3,0
3,0
3,0
3,0
3,0
3,0
3,0
3,0
3,0
3,0
3,0
3,0
3,0
3,0
3,0
3,0
3,0
3,0
3,0
3,0
3,0
3,0
3,0
3,0
3,0
3,0
3,0
3,0
3,0
3,0
3,0
3,0
3,0
3,0
3,0
3,0
3,0
3,0
3,0
3,0
3,0
3,0
3,0
3,0
3,0
3,0
3,0
3,0
3,0
3,0
3,0
3,0
3,0
3,0
3,0
3,0
3,0
3,0
3,0
3,0
3,0
3,0
3,0
3,0
3,0
3,0
3,0
3,0
3,0
3,0
3,0
3,0
3,0
3,0
3,0
3,0
3,0
3,0
3,0
3,0
3,0
3,0
3,0
3,0
3,0
3,0
3,0
3,0
3,0
3,0
3,0
3,0
3,0
3,0
3,0
3,0
3,0
3,0
3,0
3,0
3,0
3,0
3,0
3,0
3,0
3,0
3,0
3,0
3,0
3,0
3,0
3,0
3,0
3,0
3,0
3,0
3,0
3,0
3,0
3,0
3,0
3,0
3,0
3,0
3,0
3,0
3,0
3,0
3,0
3,0
3,0
3,0
3,0
3,0
3,0
3,0
3,0
3,0
3,0
3,0
3,0
3,0
3,0
3,0
3,0
3,0
3,0
3,0
3,0
3,0
3,0
3,0
3,0
3,0
3,0
3,0
3,0
3,0
3,0
3,0
3,0
3,0
3,0
3,0
3,0
3,0
3,0
3,0
3,0
3,0
3,0
3,0
3,0
3,0
3,0
3,0
3,0
3,0
3,0
3,0
3,0
3,0
3,0
3,0
3,0
3,0
3,0
3,0
3,0
3,0
3,0
3,0
3,0
3,0
3,0
3,0
3,0
3,0
3,0
3,0
3,0
3,0
3,0
3,0
3,0
3,0
3,0
3,0
3,0
3,0
3,0
3,0
3,0
3,0
3,0
3,0
3,0
3,0
3,0
3,0
3,0
3,0
3,0
3,0
3,0
3,0
3,0
3,1
3,0
3,0
3,0
3,0
3,0
3,0
3,0
3,0
3,0
3,0
3,0
3,0
3,0
3,0
3,0
3,0
3,0
3,0
3,0
3,0
3,0
3,0
3,0
3,0
3,0
3,0
3,0
3,0
3,0
3,0
3,0
3,0
3,0
3,0
3,0
3,0
3,0
3,0
3,0
3,0
3,0
3,0
3,0
3,0
3,0
3,0
3,0
3,0
3,0
3,0
3,0
3,0
3,0
3,0
3,0
3,0
3,0
3,0
3,0
3,0
3,0
3,0
3,0
3,0
3,0
3,0
3,0
3,0
3,0
3,0
3,0
3,0
3,0
3,0
3,0
3,0
3,0
3,0
3,0
3,0
3,0
3,0
3,0
3,0
3,0
3,0
3,0
3,0
3,0
3,0
3,0
3,0
3,0
3,0
3,0
3,0
3,0
3,0
3,0
3,0
3,0
3,0
3,0
3,0
3,0
3,0
3,0
3,0
3,0
3,0
3,0
3,0
3,0
3,0
3,1
3,0
3,0
3,0
3,0
3,0
3,0
3,0
3,0
3,0
3,0
3,0
3,0
3,0
3,0
3,0
3,0
3,0
3,0
3,0
3,0
3,0
3,0
3,0
3,0
3,0
3,0
3,0
3,0
3,0
3,0
3,0
3,0
3,0
3,0
3,0
3,0
3,0
3,0
3,0
3,0
3,0
3,0
3,0
3,0
3,0
3,0
3,0
3,0
3,0
3,0
3,0
3,0
3,0
3,0
3,0
3,0
3,0
3,0
3,0
3,0
3,0
3,0
3,0
3,0
3,0
3,0
3,0
3,0
3,0
3,0
3,0
3,0
3,0
3,0
3,0
3,0
3,0
4,0
4,0
4,0
4,0
4,0
4,0
4,0
4,0
4,0
4,0
4,0
4,0
4,0
4,0
4,0
4,0
4,0
4,0
4,0
4,0
4,0
4,0
4,0
4,0
4,0
4,0
4,0
4,0
4,0
4,0
4,0
4,0
4,0
4,0
4,0
4,0
4,0
4,0
4,0
4,0
4,0
4,0
4,0
4,0
4,0
4,0
4,0
4,0
4,0
4,0
4,0
4,0
4,0
4,0
4,0
4,0
4,0
4,0
4,0
4,0
4,0
4,0
4,0
4,0
4,0
4,0
4,0
4,0
4,0
4,0
4,0
4,0
4,0
4,0
4,0
4,0
4,0
4,0
4,0
4,0
4,0
4,0
4,0
4,0
4,0
4,0
4,0
4,0
4,0
4,0
4,0
4,0
4,0
4,0
4,0
4,0
4,0
4,0
4,0
4,0
4,0
4,0
4,0
4,0
4,0
4,0
4,0
4,0
4,0
4,0
4,0
4,0
4,0
4,0
4,0
4,0
4,0
4,0
4,0
4,0
4,0
4,0
4,0
4,0
4,0
4,0
4,0
4,0
4,0
4,0
4,0
4,0
4,0
4,0
4,0
4,0
4,0
4,0
4,0
4,0
4,0
4,0
4,0
4,0
4,0
4,0
4,0
4,0
4,0
4,0
4,0
4,0
4,0
4,0
4,0
4,0
4,0
4,0
4,0
4,0
4,0
4,0
4,0
4,0
4,0
4,0
4,0
4,0
4,0
4,0
4,0
4,0
4,0
4,0
4,0
4,0
4,0
4,0
4,0
4,0
4,0
4,0
4,0
4,0
4,0
4,0
4,0
4,0
4,0
4,0
4,0
4,0
4,0
4,0
4,0
4,0
4,0
4,0
4,0
4,0
4,0
4,0
4,0
4,0
4,0
4,0
4,0
4,0
4,0
4,0
4,0
4,0
4,0
4,0
4,0
4,0
4,0
4,0
4,0
4,0
4,0
4,0
4,0
4,0
4,0
4,0
4,0
4,0
4,0
4,0
4,0
4,0
4,0
4,0
4,0
4,0
4,0
4,0
4,0
4,0
4,0
4,0
4,0
4,0
4,0
4,0
4,0
4,0
4,0
4,0
4,0
4,0
4,0
4,0
4,0
4,0
4,0
4,0
4,0
4,0
4,0
4,0
4,0
4,0
4,0
4,0
4,0
4,0
4,0
4,0
4,0
4,0
4,0
4,0
4,0
4,0
4,0
4,0
4,0
4,0
4,0
4,0
4,0
4,0
4,0
4,0
4,0
4,0
4,0
4,0
4,0
4,0
4,0
4,0
4,0
4,0
4,0
4,0
4,0
4,0
4,0
4,0
4,0
4,0
4,0
4,0
4,0
4,0
4,0
4,0
4,0
4,0
4,0
4,0
4,0
4,0
4,0
4,0
4,0
4,0
4,0
4,0
4,0
4,0
4,0
4,0
4,0
4,0
4,0
4,0
4,0
4,0
4,0
4,0
4,0
4,0
4,0
4,0
4,0
4,0
4,0
4,0
4,0
4,0
4,0
4,0
4,0
4,0
4,0
4,0
4,0
4,0
4,0
4,0
4,0
4,0
4,0
4,0
4,0
4,0
4,0
4,0
4,0
4,0
4,0
4,0
4,0
4,0
4,0
4,0
4,0
4,0
4,0
4,0
4,0
4,0
4,0
4,0
4,0
4,0
4,0
4,0
4,0
4,0
4,0
4,0
4,0
4,0
4,0
4,0
4,0
4,0
4,0
4,0
4,0
4,0
4,0
4,0
4,0
4,0
4,0
4,0
4,0
4,0
4,0
4,0
4,0
4,0
4,0
4,0
4,0
4,0
4,0
4,0
4,0
4,0
4,0
4,0
4,0
4,0
4,0
4,0
4,0
4,0
4,0
4,0
4,0
4,0
4,0
4,0
4,0
4,0
4,0
4,0
4,0
4,0
4,0
4,0
4,0
4,0
4,0
4,0
4,0
4,0
4,0
4,0
4,0
4,0
4,0
4,0
4,0
4,0
4,0
4,0
4,0
4,0
4,0
4,0
4,0
4,0
4,0
4,0
4,0
4,0
4,0
4,0
4,0
4,0
4,0
4,0
4,0
4,0
4,0
4,0
4,0
4,0
4,0
4,0
4,0
4,0
4,0
4,0
4,0
4,0
4,0
4,0
4,0
4,0
4,0
4,0
4,0
4,0
4,0
4,0
4,0
4,0
4,0
4,0
4,0
4,0
4,0
4,0
4,0
4,0
4,0
4,0
4,0
4,0
4,0
4,0
4,0
4,0
4,0
4,0
4,0
4,0
4,0
4,0
4,0
4,0
4,0
4,0
4,0
4,0
4,0
4,0
4,0
4,0
4,0
4,0
4,0
4,0
4,0
4,0
4,0
4,0
4,0
4,0
4,0
4,0
4,0
4,0
4,0
4,0
4,0
4,0
4,0
4,0
4,0
4,0
4,0
4,0
4,0
4,0
4,0
4,0
4,0
4,0
4,0
4,0
4,0
4,0
4,0
4,0
4,0
4,0
4,0
4,0
4,0
4,0
4,0
4,0
4,0
4,0
4,0
4,0
4,0
4,0
4,0
4,0
4,0
4,0
4,0
4,0
4,0
4,0
4,0
4,0
4,0
4,0
4,0
4,0
4,0
4,0
4,0
4,0
4,0
4,0
4,0
4,0
4,0
4,0
4,0
4,0
4,0
4,0
4,0
4,0
4,0
4,0
4,0
4,0
4,0
4,0
4,0
4,0
4,0
4,0
4,0
4,0
4,0
4,0
4,0
4,0
4,0
4,0
4,0
4,0
4,0
4,0
4,0
4,0
4,0
4,0
4,0
4,0
4,0
4,0
4,0
4,0
4,0
4,0
4,0
4,0
4,0
4,0
4,0
4,0
4,0
4,0
4,0
4,0
4,0
4,0
4,0
4,0
4,0
4,0
4,0
4,0
4,0
4,0
4,0
4,0
4,0
4,0
4,0
4,0
4,0
4,0
4,0
4,0
4,0
4,0
4,0
4,0
4,0
4,0
4,0
4,0
4,0
4,0
4,0
4,0
4,0
4,0
4,0
4,0
4,0
4,0
4,0
4,0
4,0
4,0
4,0
4,0
4,0
4,0
4,0
4,0
4,0
4,0
4,0
4,0
4,0
4,0
4,0
4,0
4,0
4,0
4,0
4,0
4,0
4,0
4,0
4,0
4,0
4,0
4,0
4,0
4,0
4,0
4,0
4,0
4,0
4,0
4,0
4,0
4,0
4,0
4,0
4,0
4,0
4,0
4,0
4,0
4,0
4,0
4,0
4,0
4,0
4,0
4,0
4,0
4,0
4,0
4,0
4,0
4,0
4,0
4,0
4,0
4,0
4,0
4,0
4,0
4,0
4,0
4,0
4,0
4,0
4,0
4,0
4,0
4,0
4,0
4,0
4,0
4,0
4,0
4,0
4,0
4,0
4,0
4,0
4,0
4,0
4,0
4,0
4,0
4,0
4,0
4,0
4,0
4,0
4,0
4,0
4,0
4,0
4,0
4,0
4,0
4,0
4,0
4,0
4,0
4,0
4,0
4,0
4,0
4,0
4,0
4,0
4,0
4,0
4,0
4,0
4,0
4,0
4,0
4,0
4,0
4,0
4,0
4,0
4,0
4,0
4,0
4,0
4,0
4,0
4,0
4,0
4,0
4,0
4,0
4,0
4,0
4,0
4,0
4,0
4,0
4,0
4,0
4,0
4,0
4,0
4,0
4,0
4,0
4,0
4,0
4,0
4,0
4,0
4,0
4,0
4,0
4,0
4,0
4,0
4,0
4,0
4,0
4,0
4,0
4,0
4,0
4,0
4,0
4,0
4,0
4,0
4,0
4,0
4,0
4,0
4,0
4,0
4,0
4,0
4,0
4,0
4,0
4,0
4,0
4,0
4,0
4,0
4,0
4,0
4,0
4,0
4,0
4,0
4,0
4,0
4,0
4,0
4,0
4,0
4,0
4,0
4,0
4,0
4,0
4,0
4,0
4,0
4,0
4,0
4,0
4,0
4,0
4,0
4,0
4,0
4,0
4,0
4,0
4,0
4,0
4,0
4,0
4,0
4,0
4,0
4,0
4,0
4,0
4,0
4,0
4,0
4,0
4,0
4,0
4,0
4,0
4,0
4,0
4,0
4,0
4,0
4,0
4,0
4,0
4,0
4,0
4,0
4,0
4,0
4,0
4,0
4,0
4,0
4,0
4,0
4,0
4,0
4,0
4,0
4,0
4,0
4,0
4,0
4,0
4,0
4,0
4,0
4,0
4,0
4,0
4,0
4,0
4,0
4,0
4,0
4,0
4,0
4,0
4,0
4,0
4,0
4,0
4,0
4,0
4,0
4,0
4,0
4,0
4,0
4,0
4,0
4,0
4,0
4,0
4,0
4,0
4,0
4,0
4,0
4,0
4,0
4,0
4,0
4,0
4,0
4,0
4,0
4,0
4,0
4,0
4,0
4,0
4,0
4,0
4,0
4,0
4,0
4,0
4,0
4,0
4,0
4,0
4,0
4,0
4,0
4,0
4,0
4,0
4,0
4,0
4,0
4,0
4,0
4,0
4,0
4,0
4,0
4,0
4,0
4,0
4,0
4,0
4,0
4,0
4,0
4,0
4,0
4,0
4,0
4,0
4,0
4,0
4,0
4,0
4,0
4,0
4,0
4,0
4,0
4,0
4,0
4,0
4,0
4,0
4,0
4,0
4,0
4,0
4,0
4,0
4,0
4,0
4,0
4,0
4,0
4,0
4,0
4,0
4,0
4,0
4,0
4,0
4,0
4,0
4,0
4,0
4,0
4,0
4,0
4,0
4,0
4,0
4,0
4,0
4,0
4,0
4,0
4,0
4,0
4,0
4,0
4,0
4,0
4,0
4,0
4,0
4,0
4,0
4,0
4,0
4,0
4,0
4,0
4,0
4,0
4,0
4,0
4,0
4,0
4,0
4,0
4,0
4,0
4,0
4,0
4,0
4,0
4,0
4,0
4,0
4,0
4,0
4,0
4,0
4,0
4,0
4,0
4,0
4,0
4,0
4,0
4,0
4,0
4,0
4,0
4,0
4,0
4,0
4,0
4,0
4,0
4,0
4,0
4,0
4,0
4,0
4,0
4,0
4,0
4,0
4,0
4,0
4,0
4,0
4,0
4,0
4,0
4,0
4,0
4,0
4,0
4,0
4,0
4,0
4,0
4,0
4,0
4,0
4,0
4,0
4,0
4,0
4,0
4,0
4,0
4,0
4,0
4,0
4,0
4,0
4,0
4,0
4,0
4,0
4,0
4,0
4,0
4,0
4,0
4,0
4,0
4,0
4,0
4,0
4,0
4,0
4,0
4,0
4,0
4,0
4,0
4,0
4,0
4,0
4,0
4,0
4,0
4,0
4,0
4,0
4,0
4,0
4,0
4,0
4,0
4,0
4,0
4,0
4,0
4,0
4,0
4,0
4,0
4,0
4,0
4,0
4,0
4,0
4,0
4,0
4,0
4,0
4,0
4,0
4,0
4,0
4,0
4,0
4,0
4,0
4,0
4,0
4,0
4,0
4,0
4,0
4,0
4,0
4,0
4,0
4,0
4,0
4,0
4,0
4,0
4,0
4,0
4,0
4,0
4,0
4,0
4,0
4,0
4,0
4,0
4,0
4,0
4,0
4,0
4,0
4,0
4,0
4,0
4,0
4,0
4,0
4,0
4,0
4,0
4,0
4,0
4,0
4,0
4,0
4,0
4,0
4,0
4,0
4,0
4,0
4,0
4,0
4,0
4,0
4,0
4,0
4,0
4,0
4,0
4,0
4,0
4,0
4,0
4,0
4,0
4,0
4,0
4,0
4,0
4,0
4,0
4,0
4,0
4,0
4,0
4,0
4,0
4,0
4,0
4,0
4,0
4,0
4,0
4,0
4,0
4,0
4,0
4,0
4,0
4,0
4,0
4,0
4,0
4,0
4,0
4,0
4,0
4,0
4,0
4,0
4,0
4,0
4,0
4,0
4,0
4,0
4,0
4,0
4,0
4,0
4,0
4,0
4,0
4,0
4,0
4,0
4,0
4,0
4,0
4,0
4,0
4,0
4,0
4,0
4,0
4,0
4,0
4,0
4,0
4,0
4,0
4,0
4,0
4,0
4,0
4,0
4,0
4,0
4,0
4,0
4,0
4,0
4,0
4,0
4,0
4,0
4,0
4,0
4,0
4,0
4,0
4,0
4,0
4,0
4,0
4,0
4,0
4,0
4,0
4,0
4,0
4,0
4,0
4,0
4,0
4,0
4,0
4,0
4,0
4,0
4,0
4,0
4,0
4,0
4,0
4,0
4,0
4,0
4,0
4,0
4,0
4,0
4,0
4,0
4,0
4,0
4,0
4,0
4,0
4,0
4,0
4,0
4,0
4,0
4,0
4,0
4,0
4,0
4,0
4,0
4,0
4,0
4,0
4,0
4,0
4,0
4,0
4,0
4,0
4,0
4,0
4,0
4,0
4,0
4,0
4,0
4,0
4,0
4,0
4,0
4,0
4,0
4,4
4,0
4,0
4,0
4,0
4,0
4,0
4,0
4,0
4,0
4,0
4,0
4,0
4,0
4,0
4,0
4,0
4,0
4,0
4,0
4,0
4,0
4,0
4,0
4,0
4,0
4,0
4,0
4,0
4,0
4,0
4,0
4,0
4,0
4,0
4,0
4,0
4,0
4,0
4,0
4,0
4,0
4,0
4,0
4,0
4,0
4,3
4,0
4,0
4,0
4,0
4,0
4,0
4,0
4,0
4,0
4,0
4,0
4,0
4,0
4,0
4,0
4,0
4,0
4,0
4,0
4,0
4,0
4,0
4,0
4,0
4,0
4,0
4,0
4,0
4,0
4,0
4,0
4,0
4,0
4,0
4,0
4,0
4,0
4,0
4,0
4,0
4,0
4,0
4,0
4,0
4,0
4,0
4,0
4,0
4,0
4,0
4,0
4,0
4,0
4,0
4,0
4,0
4,0
4,0
4,0
4,0
4,0
4,0
4,0
4,0
4,0
4,0
4,0
4,0
4,0
4,0
4,0
4,0
4,0
4,0
4,0
4,0
4,0
4,0
4,0
4,0
4,0
4,0
4,0
4,0
4,0
4,0
4,0
4,0
4,0
4,0
4,0
4,0
4,0
4,0
4,0
4,0
4,0
4,0
4,0
4,0
4,0
4,0
4,0
4,0
4,0
4,0
4,0
4,0
4,0
4,0
4,0
4,0
4,0
4,0
4,0
4,0
4,0
4,0
4,0
4,0
4,0
4,0
4,0
4,0
4,0
4,0
4,0
4,0
4,0
4,0
4,0
4,0
4,0
4,0
4,0
4,0
4,0
4,0
4,0
4,0
4,0
4,0
4,0
4,0
4,0
4,0
4,0
4,0
4,0
4,0
4,0
4,0
4,0
4,0
4,0
4,0
4,0
4,0
4,0
4,0
4,0
4,0
4,0
4,0
4,0
4,0
4,0
4,0
4,0
4,0
4,0
4,0
4,0
4,0
4,0
4,0
4,0
4,0
4,0
4,0
4,0
4,0
4,0
4,0
4,0
4,0
4,0
4,0
4,0
4,0
4,0
4,0
4,0
4,0
4,0
4,0
4,0
4,0
4,0
4,0
4,0
4,0
4,0
4,0
4,0
4,0
4,0
4,0
4,0
4,0
4,0
4,0
4,0
4,0
4,0
4,0
4,0
4,0
4,0
4,0
4,0
4,0
4,0
4,0
4,0
4,0
4,0
4,0
4,0
4,0
4,0
4,0
4,0
4,0
4,0
4,0
4,0
4,0
4,0
4,0
4,0
4,0
4,0
4,0
4,0
4,0
4,0
4,0
4,0
4,0
4,0
4,0
4,0
4,0
4,0
4,0
4,0
4,0
4,0
4,0
4,0
4,0
4,0
4,0
4,0
4,0
4,0
4,0
4,0
4,0
4,0
4,0
4,0
4,0
4,0
4,0
4,0
4,0
4,0
4,0
4,0
4,0
4,0
4,0
4,0
4,0
4,0
4,0
4,0
4,0
4,0
4,0
4,0
4,0
4,0
4,0
4,0
4,0
4,0
4,0
4,0
4,0
4,0
4,0
4,0
4,0
4,0
4,0
4,0
4,0
4,0
4,0
4,0
4,0
4,0
4,0
4,0
4,0
4,0
4,0
4,0
4,0
4,0
4,0
4,0
4,0
4,0
4,0
4,0
4,0
4,0
4,0
4,0
4,0
4,0
4,0
4,0
4,0
4,0
4,0
4,0
4,0
4,0
4,0
4,0
4,0
4,0
4,0
4,0
4,0
4,0
4,0
4,0
4,0
4,0
4,0
4,0
4,0
4,0
4,0
4,0
4,0
4,0
4,0
4,0
4,0
4,0
4,0
4,0
4,0
4,0
4,0
4,0
4,0
4,0
4,0
4,0
4,0
4,0
4,0
4,0
4,0
4,0
4,0
4,0
4,0
4,0
4,0
4,0
4,0
4,0
4,0
4,0
4,0
4,0
4,0
4,0
4,0
4,0
4,0
4,0
4,0
4,0
4,0
4,0
4,0
4,0
4,0
4,0
4,0
4,0
4,0
4,0
4,0
4,0
4,0
4,0
4,0
4,0
4,0
4,0
4,0
4,0
4,0
4,0
4,0
4,0
4,0
4,0
4,0
4,0
4,0
4,0
4,0
4,0
4,0
4,0
4,0
4,0
4,0
4,0
4,0
4,0
4,0
4,0
4,0
4,0
4,0
4,0
4,0
4,0
4,0
4,0
4,0
4,0
4,0
4,0
4,0
4,0
4,0
4,0
4,0
4,0
4,0
4,0
4,0
4,0
4,0
4,0
4,0
4,0
4,0
4,0
4,0
4,0
4,0
4,0
4,0
4,0
4,0
4,0
4,0
4,0
4,0
4,0
4,0
4,0
4,0
4,0
4,0
4,0
4,0
4,0
4,0
4,0
4,0
4,0
4,0
4,0
4,0
4,0
4,0
4,0
4,0
4,0
4,0
4,0
4,0
4,0
4,0
4,0
4,0
4,0
4,0
4,0
4,0
4,0
4,0
4,0
4,0
4,0
4,0
4,0
4,0
4,0
4,0
4,0
4,0
4,0
4,0
4,0
4,0
4,0
4,0
4,0
4,0
4,0
4,0
4,0
4,0
4,0
4,0
4,0
4,0
4,0
4,0
4,0
4,0
4,0
4,0
4,0
4,0
4,0
4,0
4,0
4,0
4,0
4,0
4,0
4,0
4,0
4,0
4,0
4,0
4,0
4,0
4,0
4,0
4,0
4,0
4,0
4,0
4,0
4,0
4,0
4,0
4,0
4,0
4,0
4,0
4,0
4,0
4,0
4,0
4,0
4,0
4,0
4,0
4,0
4,0
4,0
4,0
4,0
4,0
4,0
4,0
4,0
4,0
4,0
4,0
4,0
4,0
4,0
4,0
4,0
4,0
4,0
4,0
4,0
4,0
4,0
4,0
4,0
4,0
4,0
4,0
4,0
4,0
4,0
4,0
4,0
4,0
4,0
4,0
4,0
4,0
4,0
4,0
4,0
4,0
4,0
4,0
4,0
4,0
4,0
4,0
4,0
4,0
4,0
4,0
4,0
4,0
4,0
4,0
4,0
4,0
4,0
4,0
4,0
4,0
4,0
4,0
4,0
4,0
4,0
4,0
4,0
4,0
4,0
4,0
4,0
4,0
4,0
4,0
4,0
4,0
4,0
4,0
4,0
4,0
4,0
4,0
4,0
4,0
4,0
4,0
4,0
4,0
4,0
4,0
4,0
4,0
4,0
4,0
4,0
4,0
4,0
4,0
4,0
4,0
4,0
4,0
4,0
4,0
4,0
4,0
4,0
4,0
4,0
4,0
4,0
4,0
4,0
4,0
4,0
4,0
4,0
4,0
4,0
4,0
4,0
4,0
4,0
4,0
4,0
4,0
4,0
4,0
4,0
4,0
4,0
4,0
4,0
4,0
4,0
4,0
4,0
4,0
4,0
4,0
4,0
4,0
4,0
4,0
4,0
4,0
4,0
4,0
4,0
4,0
4,0
4,0
4,0
4,0
4,0
4,0
4,0
4,0
4,0
4,0
4,0
4,0
4,0
4,0
4,0
4,0
4,0
4,0
4,0
4,0
4,0
4,0
4,0
4,0
4,0
4,0
4,0
4,0
4,0
4,0
4,0
4,0
4,0
4,0
4,0
4,0
4,0
4,0
4,0
4,0
4,0
4,0
4,0
4,0
4,0
4,0
4,0
4,0
4,0
4,0
4,0
4,0
4,0
4,0
4,0
4,0
4,0
4,0
4,0
4,0
4,0
4,0
4,0
4,0
4,0
4,0
4,0
4,0
4,0
4,0
4,0
4,0
4,0
4,0
4,0
4,0
4,0
4,0
4,0
4,0
4,0
4,0
4,0
4,0
4,0
4,0
4,0
4,0
4,0
4,0
4,0
4,0
4,0
4,0
4,0
4,0
4,0
4,0
4,0
4,0
4,0
4,0
4,0
4,0
4,0
4,0
4,0
4,0
4,0
4,0
4,0
4,0
4,0
4,0
4,0
4,0
4,0
4,0
4,0
4,0
4,0
4,0
4,0
4,0
4,0
4,0
4,0
4,0
4,0
4,0
4,0
4,0
4,0
4,0
4,0
4,0
4,0
4,0
4,0
4,0
4,0
4,0
4,0
4,0
4,0
4,0
4,0
4,0
4,0
4,0
4,0
4,0
4,0
4,0
4,0
4,0
4,0
4,0
4,0
4,0
4,0
4,0
4,0
4,0
4,0
4,0
4,0
4,0
4,0
4,0
4,0
4,0
4,0
4,0
4,0
4,0
4,0
4,0
4,0
4,0
4,0
4,0
4,0
4,0
4,0
4,0
4,0
4,0
4,0
4,0
4,0
4,0
4,0
4,0
4,0
4,0
4,0
4,0
4,0
4,0
4,0
4,0
4,0
4,0
4,0
4,0
4,0
4,0
4,0
4,0
4,0
4,0
4,0
4,0
4,0
4,0
4,0
4,0
4,0
4,0
4,0
4,0
4,0
4,0
4,0
4,0
4,0
4,0
4,0
4,0
4,0
4,0
4,0
4,0
4,0
4,0
4,0
4,0
4,0
4,0
4,0
4,0
4,0
4,0
4,0
4,0
4,0
4,0
4,0
4,0
4,0
4,0
4,0
4,0
4,0
4,0
4,0
4,0
4,0
4,0
4,0
4,0
4,0
4,0
4,0
4,0
4,0
4,0
4,0
4,0
4,0
4,0
4,0
4,0
4,0
4,0
4,0
4,0
4,0
4,0
4,0
4,0
4,0
4,0
4,0
4,0
4,0
4,0
4,0
4,0
4,0
4,0
4,0
4,0
4,0
4,0
4,0
4,0
4,0
4,0
4,0
4,0
4,0
4,0
4,0
4,0
4,0
4,0
4,0
4,0
4,0
4,0
4,0
4,0
4,0
4,0
4,0
4,0
4,0
4,0
4,0
4,0
4,0
4,0
4,0
4,0
4,0
4,0
4,0
4,0
4,0
4,0
4,0
4,0
4,0
4,0
4,0
4,0
4,0
4,0
4,0
4,0
4,0
4,0
4,0
4,0
4,0
4,0
4,0
4,0
4,0
4,0
4,0
4,0
4,0
4,0
4,0
4,0
4,0
4,0
4,0
4,0
4,0
4,0
4,0
4,0
4,0
4,0
4,0
4,0
4,0
4,0
4,0
4,0
4,0
4,0
4,0
4,0
4,0
4,0
4,0
4,0
4,0
4,0
4,0
4,0
4,0
4,0
4,0
4,0
4,0
4,0
4,0
4,0
4,0
4,0
4,0
4,0
4,0
4,0
4,0
4,0
4,0
4,0
4,0
4,0
4,0
4,0
4,0
4,0
4,0
4,0
4,0
4,0
4,0
4,0
4,0
4,0
4,0
4,0
4,0
4,0
4,0
4,0
4,0
4,0
4,0
4,0
4,0
4,0
4,0
4,0
4,0
4,0
4,0
4,0
4,0
4,0
4,0
4,0
4,0
4,0
4,0
4,0
4,0
4,0
4,0
4,0
4,0
4,0
4,0
4,0
4,0
4,0
4,0
4,0
4,0
4,0
4,0
4,0
4,0
4,0
4,0
4,0
4,0
4,0
4,0
4,0
4,0
4,0
4,0
4,0
4,0
4,0
4,0
4,0
4,0
4,0
4,0
4,0
4,0
4,0
4,0
4,0
4,0
4,0
4,0
4,0
4,0
4,0
4,0
4,0
4,0
4,0
4,0
4,0
4,0
4,0
4,0
4,0
4,0
4,0
4,0
4,0
4,0
4,0
4,0
4,0
4,0
4,0
4,0
4,0
4,0
4,0
4,0
4,0
4,0
4,0
4,0
4,0
4,0
4,0
4,0
4,0
4,0
4,0
4,0
4,0
4,0
4,0
4,0
4,0
4,0
4,0
4,0
4,0
4,0
4,0
4,0
4,0
4,0
4,0
4,0
4,0
4,0
4,0
4,0
4,0
4,0
4,0
4,0
4,0
4,0
4,0
4,0
4,0
4,0
4,0
4,0
4,0
4,0
4,0
4,0
4,0
4,0
4,0
4,0
4,0
4,0
4,0
4,0
4,0
4,0
4,0
4,0
4,0
4,0
4,0
4,0
4,0
4,0
4,0
4,0
4,0
4,0
4,0
4,0
4,0
4,0
4,0
4,0
4,0
4,0
4,0
4,0
4,0
4,0
4,0
4,0
4,0
4,0
4,0
4,0
4,0
4,0
4,0
4,0
4,0
4,0
4,0
4,0
4,0
4,0
4,0
4,0
4,0
4,0
4,0
4,0
4,0
4,0
4,0
4,0
4,0
4,0
4,0
4,0
4,0
4,0
4,0
4,0
4,0
4,0
4,0
4,0
4,0
4,0
4,0
4,0
4,0
4,0
4,0
4,0
4,0
4,0
4,0
4,0
4,0
4,0
4,0
4,0
4,0
4,0
4,0
4,0
4,0
4,0
4,0
4,0
4,0
4,0
4,0
4,4
4,0
4,0
4,0
4,0
4,0
4,0
4,0
4,4
4,0
4,0
4,0
4,0
4,0
4,0
4,0
4,0
4,0
4,0
4,0
4,0
4,0
4,0
4,0
4,0
4,0
4,0
4,0
4,0
4,0
4,0
4,0
4,0
4,0
4,0
4,0
4,0
4,0
4,0
4,0
4,0
4,0
4,0
4,0
4,0
4,0
4,0
4,0
4,0
4,0
4,0
4,0
4,0
4,0
4,0
4,0
4,0
4,0
4,0
4,0
4,0
4,0
4,0
4,0
4,0
4,0
4,0
4,0
4,0
4,0
4,0
4,0
4,0
4,0
4,0
4,0
4,0
4,0
4,0
4,0
4,0
4,0
4,0
4,0
4,0
4,0
4,0
4,0
4,0
4,0
4,0
4,0
4,0
4,0
4,0
4,0
4,0
4,0
4,0
4,0
4,0
4,0
4,0
4,0
4,0
4,0
4,0
4,0
4,0
4,0
4,0
4,0
4,0
4,0
4,0
4,0
4,0
4,0
4,0
4,0
4,0
4,0
4,0
4,0
4,0
4,0
4,0
4,0
4,0
4,0
4,0
4,0
4,0
4,0
4,0
4,0
4,0
4,0
4,0
4,0
4,0
4,0
4,0
4,0
4,0
4,0
4,0
4,0
4,0
4,0
4,0
4,0
4,0
4,0
4,0
4,0
4,0
4,0
4,0
4,0
4,0
4,0
4,0
4,0
4,0
4,0
4,0
4,0
4,0
4,0
4,0
4,0
4,0
4,0
4,0
4,0
4,0
4,0
4,0
4,0
4,0
4,0
4,0
4,0
4,0
4,0
4,0
4,0
4,0
4,0
4,0
4,0
4,0
4,0
4,0
4,0
4,0
4,0
4,0
4,0
4,0
4,0
4,0
4,0
4,0
4,0
4,0
4,0
4,0
4,0
4,0
4,0
4,0
4,0
4,0
4,0
4,0
4,0
4,0
4,0
4,0
4,0
4,0
4,0
4,0
4,0
4,0
4,0
4,0
4,0
4,0
4,0
4,0
4,0
4,0
4,0
4,0
4,0
4,0
4,0
4,0
4,0
4,0
4,0
4,0
4,0
4,0
4,0
4,0
4,0
4,0
4,0
4,0
4,0
4,0
4,0
4,0
4,0
4,0
4,0
4,0
4,0
4,0
4,0
4,0
4,0
4,0
4,0
4,0
4,0
4,0
4,0
4,0
4,0
4,0
4,0
4,0
4,0
4,0
4,0
4,0
4,0
4,0
4,0
4,0
4,0
4,0
4,0
4,0
4,0
4,0
4,0
4,0
4,0
4,0
4,0
4,0
4,0
4,0
4,0
4,0
4,0
4,0
4,0
4,0
4,0
4,0
4,0
4,0
4,0
4,0
4,0
4,0
4,0
4,0
4,0
4,0
4,0
4,0
4,0
4,0
4,0
4,0
4,0
4,0
4,0
4,0
4,0
4,0
4,0
4,0
4,0
4,0
4,0
4,0
4,0
4,0
4,0
4,0
4,0
4,0
4,0
4,0
4,0
4,0
4,0
4,0
4,0
4,0
4,0
4,0
4,0
4,0
4,0
4,0
4,0
4,0
4,0
4,0
4,0
4,0
4,0
4,0
4,0
4,0
4,0
4,0
4,0
4,0
4,0
4,0
4,0
4,0
4,0
4,0
4,0
4,0
4,0
4,0
4,0
4,0
4,0
4,0
4,0
4,0
4,0
4,0
4,0
4,0
4,0
4,0
4,0
4,0
4,0
4,0
4,0
4,0
4,0
4,0
4,0
4,0
4,0
4,0
4,0
4,0
4,0
4,0
4,0
4,0
4,0
4,0
4,0
4,0
4,0
4,0
4,0
4,0
4,0
4,0
4,0
4,0
4,0
4,0
4,0
4,0
4,0
4,0
4,0
4,0
4,0
4,0
4,0
4,0
4,0
4,0
4,0
4,0
4,0
4,0
4,0
4,0
4,0
4,0
4,0
4,0
4,0
4,0
4,0
4,0
4,0
4,0
4,0
4,0
4,0
4,0
4,0
4,0
4,4
4,0
4,0
4,0
4,0
4,0
4,0
4,0
4,0
4,0
4,0
4,0
4,0
4,0
4,0
4,0
4,0
4,0
4,0
4,0
4,0
4,0
4,0
4,0
4,0
4,0
4,0
4,0
4,0
4,0
4,0
4,0
4,0
4,0
4,0
4,0
4,0
4,0
4,0
4,0
4,0
4,0
4,0
4,0
4,0
4,0
4,0
4,0
4,0
4,0
4,0
4,0
4,0
4,0
4,0
4,0
4,0
4,0
4,0
4,0
4,0
4,0
4,0
4,0
4,0
4,0
4,0
4,0
4,0
4,0
4,0
4,0
4,0
4,0
4,0
4,0
4,0
4,0
4,0
4,0
4,0
4,0
4,0
4,0
4,0
4,0
4,0
4,0
4,0
4,0
4,0
4,0
4,0
4,0
4,0
4,0
4,0
4,0
4,0
4,0
4,0
4,0
4,0
4,0
4,0
4,0
4,0
4,0
4,0
4,0
4,0
4,0
4,0
4,0
4,0
4,0
4,0
4,0
4,0
4,0
4,0
4,0
4,0
4,0
4,0
4,0
4,0
4,0
4,0
4,0
4,0
4,0
4,0
4,0
4,0
4,0
4,0
4,0
4,0
4,0
4,0
4,0
4,0
4,0
4,0
4,0
4,0
4,0
4,0
4,0
4,0
4,0
4,0
4,0
4,0
4,0
4,0
4,0
4,0
4,0
4,0
4,0
4,0
4,0
4,0
4,0
4,0
4,0
4,0
4,0
4,0
4,0
4,0
4,0
4,0
4,0
4,0
4,0
4,0
4,0
4,0
4,0
4,0
4,0
4,0
4,0
4,0
4,0
4,0
4,0
4,0
4,0
4,0
4,0
4,0
4,0
4,0
4,0
4,0
4,0
4,0
4,0
4,0
4,0
4,0
4,0
4,0
4,0
4,0
4,0
4,0
4,0
4,0
4,0
4,0
4,0
4,0
4,0
4,0
4,0
4,0
4,0
4,0
4,0
4,0
4,0
4,0
4,0
4,0
4,0
4,0
4,0
4,0
4,0
4,0
4,0
4,0
4,0
4,0
4,0
4,0
4,0
4,0
4,0
4,0
4,0
4,0
4,0
4,0
4,0
4,0
4,0
4,0
4,0
4,0
4,0
4,0
4,0
4,0
4,0
4,0
4,0
4,0
4,0
4,0
4,0
4,0
4,0
4,0
4,0
4,0
4,0
4,0
4,0
4,0
4,0
4,0
4,0
4,0
4,0
4,0
4,0
4,0
4,0
4,0
4,0
4,0
4,0
4,0
4,0
4,0
4,0
4,0
4,0
4,0
4,0
4,0
4,0
4,0
4,0
4,0
4,0
4,0
4,0
4,0
4,0
4,0
4,0
4,0
4,0
4,0
4,0
4,0
4,0
4,0
4,0
4,0
4,0
4,0
4,0
4,0
4,0
4,0
4,0
4,0
4,0
4,0
4,0
4,0
4,0
4,0
4,0
4,0
4,0
4,0
4,0
4,0
4,0
4,0
4,0
4,0
4,0
4,0
4,0
4,0
4,0
4,0
4,0
4,0
4,0
4,0
4,0
4,0
4,0
4,0
4,0
4,0
4,0
4,0
4,0
4,0
4,0
4,0
4,0
4,0
4,0
4,0
4,0
4,0
4,0
4,0
4,0
4,0
4,0
4,0
4,0
4,0
4,0
4,0
4,0
4,0
4,0
4,0
4,0
4,0
4,0
4,0
4,0
4,0
4,0
4,0
4,0
4,0
4,0
4,0
4,0
4,0
4,0
4,0
4,0
4,0
4,0
4,0
4,0
4,0
4,0
4,0
4,0
4,0
4,0
4,0
4,0
4,0
4,0
4,0
4,0
4,0
4,0
4,0
4,0
4,0
4,0
4,0
4,0
4,0
4,0
4,0
4,0
4,0
4,0
4,0
4,0
4,0
4,0
4,0
4,0
4,0
4,0
4,0
4,0
4,0
4,0
4,0
4,0
4,0
4,0
4,0
4,0
4,0
4,0
4,0
4,0
4,0
4,0
4,0
4,0
4,0
4,0
4,0
4,0
4,0
4,0
4,0
4,0
4,0
4,0
4,0
4,0
4,0
4,0
4,0
4,0
4,0
4,0
4,0
4,0
4,0
4,0
4,0
4,0
4,0
4,0
4,0
4,0
4,0
4,0
4,0
4,0
4,0
4,0
4,0
4,0
4,0
4,0
4,0
4,0
4,0
4,0
4,0
4,0
4,0
4,0
4,0
4,0
4,0
4,0
4,0
4,0
4,0
4,0
4,0
4,0
4,0
4,0
4,0
4,0
4,0
4,0
4,0
4,0
4,0
4,0
4,0
4,0
4,0
4,0
4,0
4,0
4,0
4,0
4,0
4,0
4,0
4,0
4,0
4,0
4,0
4,0
4,0
4,0
4,0
4,0
4,0
4,0
4,0
4,0
4,0
4,0
4,0
4,0
4,0
4,0
4,0
4,0
4,0
4,0
4,0
4,0
4,0
4,0
4,0
4,0
4,0
4,0
4,0
4,0
4,0
4,0
4,0
4,0
4,0
4,0
4,0
4,0
4,0
4,0
4,0
4,0
4,0
4,0
4,0
4,0
4,0
4,0
4,0
4,0
4,0
4,0
4,0
4,0
4,0
4,0
4,0
4,0
4,0
4,0
4,0
4,0
4,0
4,0
4,0
4,0
4,0
4,0
4,0
4,0
4,0
4,0
4,0
4,0
4,0
4,0
4,0
4,0
4,0
4,0
4,0
4,0
4,0
4,0
4,0
4,0
4,0
4,0
4,0
4,0
4,0
4,0
4,0
4,0
4,0
4,0
4,0
4,0
4,0
4,0
4,0
4,0
4,0
4,0
4,0
4,0
4,0
4,0
4,0
4,0
4,0
4,0
4,0
4,0
4,0
4,0
4,0
4,0
4,0
4,0
4,0
4,0
4,0
4,0
4,0
4,0
4,0
4,0
4,0
4,0
4,0
4,0
4,0
4,0
4,0
4,0
4,0
4,0
4,0
4,0
4,0
4,0
4,0
4,0
4,0
4,0
4,0
4,0
4,0
4,0
4,0
4,0
4,0
4,0
4,0
4,0
4,0
4,0
4,0
4,0
4,0
4,0
4,0
4,0
4,0
4,0
4,0
4,0
4,0
4,0
4,0
4,0
4,0
4,0
4,0
4,0
4,0
4,0
4,0
4,0
4,0
4,0
4,0
4,0
4,0
4,0
4,0
4,0
4,0
4,0
4,0
4,0
4,0
4,0
4,0
4,0
4,0
4,0
4,0
4,0
4,0
4,0
4,0
4,0
4,0
4,0
4,0
4,0
4,0
4,0
4,0
4,0
4,0
4,0
4,0
4,0
4,0
4,0
4,0
4,0
4,0
4,0
4,0
4,0
4,0
4,0
4,0
4,0
4,0
4,0
4,0
4,0
4,0
4,0
4,0
4,0
4,0
4,0
4,0
4,0
4,0
4,0
4,0
4,0
4,0
4,0
4,0
4,0
4,0
4,0
4,0
4,0
4,0
4,0
4,0
4,0
4,0
4,0
4,0
4,1
4,0
4,0
4,0
4,0
4,0
4,0
4,0
4,0
4,0
4,0
4,0
4,0
4,0
4,0
4,0
4,0
4,0
4,0
4,0
4,0
4,0
4,0
4,0
4,0
4,0
4,0
4,0
4,0
4,0
4,0
4,0
4,0
4,0
4,0
4,0
4,0
4,0
4,0
4,0
4,0
4,0
4,0
4,0
4,0
4,0
4,0
4,0
4,0
4,0
4,0
4,0
4,0
4,0
4,0
4,0
4,0
4,0
4,0
4,0
4,0
4,0
4,0
4,0
4,0
4,0
4,0
4,0
4,0
4,0
4,0
4,0
4,0
4,0
4,0
4,0
4,0
4,0
4,0
4,0
4,0
4,0
4,0
4,0
4,0
4,0
4,0
4,0
4,0
4,0
4,0
4,0
4,0
4,0
4,0
4,0
4,0
4,0
4,0
4,0
4,0
4,0
4,0
4,0
4,0
4,0
4,0
4,0
4,0
4,0
4,0
4,0
4,0
4,0
4,0
4,0
4,0
4,0
4,0
4,0
4,0
4,0
4,0
4,0
4,0
4,0
4,0
4,0
4,0
4,0
4,0
4,0
4,0
4,0
4,0
4,0
4,0
4,0
4,0
4,0
4,0
4,0
4,0
4,0
4,0
4,0
4,0
4,0
4,0
4,0
4,0
4,0
4,0
4,0
4,0
4,0
4,0
4,0
4,0
4,1
4,0
4,0
4,0
4,0
4,0
4,0
4,0
4,0
4,0
4,0
4,0
4,0
4,0
4,0
4,0
4,0
4,0
4,0
4,0
4,0
4,0
4,0
4,0
4,0
4,0
4,0
4,0
4,0
4,0
4,0
4,0
4,0
4,0
4,0
4,1
4,0
4,0
4,0
4,1
4,0
4,0
4,0
4,0
4,0
4,0
4,0
4,0
4,0
4,0
4,0
4,0
4,0
4,0
4,0
4,0
4,0
4,0
4,0
4,0
4,0
4,0
4,0
4,0
4,0
4,0
4,0
4,0
4,0
4,0
4,0
4,0
4,0
4,0
4,0
4,0
4,0
4,0
4,0
4,0
4,0
4,0
4,0
4,0
4,0
4,0
4,0
4,0
4,0
4,0
4,0
4,0
4,0
4,0
4,0
4,0
4,0
4,0
4,0
4,0
4,0
4,0
4,0
4,0
4,0
4,0
4,0
4,0
4,0
4,0
4,0
4,0
4,0
4,0
4,0
4,0
4,0
4,0
4,0
4,0
4,0
4,0
4,0
4,0
4,0
4,0
4,0
4,3
4,0
4,0
4,0
4,0
4,0
4,0
4,0
4,0
4,0
4,0
4,0
4,0
4,0
4,0
4,0
4,0
4,0
4,0
4,0
4,0
4,0
4,0
4,0
4,0
4,0
4,0
4,0
4,0
4,1
4,0
4,0
4,0
4,0
4,0
4,0
4,0
4,0
4,0
4,0
4,0
4,0
4,0
4,0
4,0
4,0
4,0
4,0
4,0
4,0
4,0
4,0
4,0
4,0
4,0
4,0
4,0
4,0
4,0
4,0
4,0
4,0
4,0
4,0
4,0
4,0
4,0
4,0
4,0
4,0
4,0
4,0
4,0
4,0
4,0
4,0
4,0
4,0
4,0
4,0
4,0
4,0
4,0
4,0
4,0
4,0
4,0
4,0
4,0
4,0
4,3
4,0
4,0
4,0
4,0
4,0
4,0
4,0
4,0
4,0
4,0
4,0
4,0
4,0
4,0
4,0
4,0
4,0
4,0
4,0
4,0
4,0
4,0
4,0
4,0
4,0
4,0
4,0
4,0
4,0
4,0
4,0
4,0
4,0
4,0
4,0
4,0
4,0
4,0
4,0
4,0
4,0
4,0
4,0
4,0
4,0
4,0
4,0
4,0
4,0
4,0
4,0
4,0
4,0
4,0
4,0
4,0
4,0
4,0
4,0
4,0
4,0
4,0
4,0
4,0
4,0
4,0
4,0
4,0
4,0
4,0
4,0
4,0
4,0
4,0
4,0
4,0
4,0
4,0
4,0
4,0
4,0
4,0
4,0
4,0
4,0
4,0
4,0
4,0
4,0
4,0
4,0
4,0
4,0
4,0
4,0
4,0
4,0
4,0
4,0
4,0
4,0
4,0
4,0
4,0
4,0
4,0
4,0
4,0
4,0
4,0
4,0
4,0
4,0
4,0
4,0
4,0
4,0
4,0
4,0
4,0
4,0
4,0
4,0
4,0
4,0
4,0
4,0
4,0
4,0
4,0
4,0
4,0
4,0
4,0
4,0
4,0
4,0
4,0
4,0
4,0
4,0
4,0
4,0
4,0
4,0
4,0
4,0
4,0
4,0
4,0
4,0
4,0
4,0
4,0
4,0
4,0
4,0
4,0
4,0
4,0
4,0
4,0
4,0
4,0
4,0
4,0
4,0
4,0
4,0
4,0
4,0
4,0
4,0
4,0
4,0
4,0
4,0
4,0
4,0
4,0
4,0
4,0
4,0
4,0
4,0
4,0
4,0
4,0
4,0
4,0
4,0
4,0
4,0
4,0
4,0
4,0
4,0
4,0
4,0
4,0
4,0
4,0
4,0
4,0
4,0
4,0
4,0
4,0
4,0
4,0
4,0
4,0
4,0
4,0
4,0
4,0
4,0
4,0
4,0
4,0
4,0
4,0
4,0
4,0
4,0
4,0
4,0
4,0
4,0
4,0
4,0
4,0
4,0
4,0
4,0
4,0
4,0
4,0
4,0
4,0
4,0
4,0
4,0
4,0
4,0
4,0
4,0
4,0
4,0
4,0
4,0
4,0
4,0
4,0
4,0
4,0
4,0
4,0
4,0
4,0
4,0
4,0
4,0
4,0
4,0
4,0
4,0
4,0
4,0
4,0
4,0
4,0
4,0
4,0
4,0
4,0
4,0
4,0
4,0
4,0
4,0
4,0
4,0
4,0
4,0
4,0
4,0
4,0
4,0
4,0
4,0
4,0
4,0
4,0
4,0
4,0
4,0
4,0
4,0
4,0
4,0
4,0
4,0
4,0
4,0
4,0
4,0
4,0
4,0
4,0
4,0
4,0
4,0
4,0
4,0
4,0
4,0
4,0
4,0
4,0
4,0
4,0
4,0
4,0
4,0
4,0
4,0
4,0
4,0
4,0
4,0
4,0
4,0
4,0
4,0
4,0
4,0
4,0
4,0
4,0
4,0
4,0
4,0
4,0
4,0
4,0
4,0
4,0
4,0
4,0
4,0
4,0
4,0
4,0
4,0
4,0
4,0
4,0
4,0
4,0
4,0
4,0
4,0
4,0
4,0
4,0
4,0
4,0
4,0
4,0
4,0
4,0
4,0
4,0
4,0
4,0
4,0
4,0
4,0
4,0
4,0
4,0
4,0
4,0
4,0
4,0
4,0
4,0
4,0
4,0
4,0
4,0
4,0
4,0
4,0
4,0
4,0
4,0
4,0
4,0
4,0
4,0
4,0
4,0
4,0
4,0
4,0
4,0
4,0
4,0
4,0
4,0
4,0
4,0
4,0
4,0
4,0
4,0
4,0
4,0
4,0
4,0
4,0
4,0
4,0
4,0
4,0
4,0
4,0
4,0
4,0
4,0
4,0
4,0
4,0
4,0
4,0
4,0
4,0
4,0
4,0
4,0
4,0
4,0
4,0
4,0
4,0
4,0
4,0
4,0
4,0
4,0
4,0
4,0
4,0
4,0
4,0
4,0
4,0
4,0
4,0
4,0
4,0
4,0
4,0
4,0
4,0
4,0
4,0
4,0
4,0
4,0
4,0
4,0
4,0
4,0
4,0
4,0
4,0
4,0
4,0
4,0
4,0
4,0
4,0
4,0
4,0
4,0
4,0
4,0
4,0
4,0
4,0
4,0
4,0
4,0
4,0
4,0
4,0
4,0
4,0
4,0
4,0
4,0
4,0
4,0
4,0
4,0
4,0
4,0
4,0
4,0
4,0
4,0
4,0
4,0
4,0
4,0
4,0
4,0
4,0
4,0
4,0
4,0
4,0
4,0
4,0
4,0
4,0
4,0
4,0
4,0
4,0
4,0
4,0
4,0
4,0
4,0
4,0
4,0
4,0
4,0
4,0
4,0
4,0
4,0
4,0
4,0
4,0
4,0
4,0
4,0
4,0
4,0
4,0
4,0
4,0
4,0
4,0
4,0
4,0
4,0
4,0
4,0
4,0
4,0
4,0
4,0
4,0
4,0
4,0
4,0
4,0
4,0
4,0
4,0
4,0
4,0
4,0
4,0
4,0
4,0
4,0
4,0
4,0
4,0
4,0
4,0
4,0
4,0
4,0
4,0
4,0
4,0
4,0
4,0
4,0
4,0
4,0
4,0
4,0
4,0
4,0
4,0
4,0
4,0
4,0
4,0
4,0
4,0
4,0
4,0
4,0
4,0
4,0
4,0
4,0
4,0
4,0
4,0
4,0
4,0
4,0
4,0
4,0
4,0
4,0
4,0
4,0
4,0
4,0
4,0
4,0
4,0
4,0
4,0
4,0
4,0
4,0
4,0
4,0
4,0
4,0
4,0
4,0
4,0
4,0
4,0
4,0
4,0
4,0
4,0
4,0
4,0
4,0
4,0
4,0
4,0
4,0
4,0
4,0
4,0
4,0
4,0
4,0
4,0
4,0
4,0
4,0
4,0
4,0
4,0
4,0
4,0
4,0
4,0
4,0
4,0
4,0
4,0
4,0
4,0
4,0
4,0
4,0
4,0
4,0
4,0
4,0
4,0
4,0
4,0
4,0
4,0
4,0
4,0
4,0
4,0
4,0
4,0
4,0
4,0
4,0
4,0
4,0
4,0
4,0
4,0
4,0
4,0
4,0
4,0
4,0
4,0
4,0
4,0
4,0
4,0
4,0
4,0
4,0
4,0
4,0
4,0
4,0
4,0
4,0
4,0
4,0
4,0
4,0
4,0
4,0
4,0
4,0
4,0
4,0
4,0
4,0
4,0
4,0
4,0
4,0
4,0
4,0
4,0
4,0
4,0
4,0
4,0
4,0
4,0
4,0
4,0
4,0
4,0
4,0
4,0
4,0
4,0
4,0
4,0
4,0
4,0
4,0
4,0
4,0
4,0
4,0
4,0
4,0
4,0
4,0
4,0
4,0
4,0
4,0
4,0
4,0
4,0
4,0
4,0
4,0
4,0
4,0
4,0
4,0
4,0
4,0
4,0
4,0
4,0
4,0
4,0
4,0
4,0
4,0
4,0
4,0
4,0
4,0
4,0
4,0
4,0
4,0
4,0
4,0
4,0
4,0
4,0
4,0
4,0
4,0
4,0
4,0
4,0
4,0
4,0
4,0
4,0
4,0
4,0
4,0
4,0
4,0
4,0
4,0
4,0
4,0
4,0
4,0
4,0
4,0
4,0
4,0
4,0
4,0
4,0
4,0
4,0
4,0
4,0
4,0
4,0
4,0
4,0
4,0
4,0
4,0
4,0
4,0
4,0
4,0
4,0
4,0
4,0
4,0
4,0
4,0
4,0
4,0
4,0
4,0
4,0
4,0
4,0
4,0
4,0
4,0
4,0
4,0
4,0
4,0
4,0
4,0
4,0
4,0
4,0
4,0
4,0
4,0
4,0
4,0
4,0
4,0
4,0
4,0
4,0
4,0
4,0
4,0
4,0
4,0
4,0
4,0
4,0
4,0
4,0
4,0
4,0
4,0
4,0
4,0
4,0
4,0
4,0
4,0
4,0
4,0
4,0
4,0
4,0
4,0
4,0
4,0
4,0
4,0
4,0
4,0
4,0
4,0
4,0
4,0
4,0
4,0
4,0
4,0
4,0
4,0
4,0
4,0
4,0
4,0
4,0
4,0
4,0
4,0
4,0
4,0
4,0
4,0
4,0
4,0
4,0
4,0
4,0
4,0
4,0
4,0
4,0
4,0
4,0
4,0
4,0
4,0
4,0
4,0
4,0
4,0
4,0
4,0
4,0
4,0
4,0
4,0
4,0
4,0
4,0
4,0
4,0
4,0
4,0
4,0
4,0
4,0
4,0
4,0
4,0
4,0
4,0
4,0
4,0
4,0
4,0
4,0
4,0
4,0
4,0
4,0
4,0
4,0
4,0
4,0
4,0
4,0
4,0
4,0
4,0
4,0
4,0
4,0
4,0
4,0
4,0
4,0
4,0
4,0
4,0
4,0
4,0
4,0
4,0
4,0
4,0
4,0
4,0
4,0
4,0
4,0
4,0
4,0
4,0
4,0
4,0
4,0
4,0
4,0
4,0
4,0
4,0
4,0
4,0
4,0
4,0
4,0
4,0
4,0
4,0
4,0
4,0
4,0
4,0
4,0
4,0
4,0
4,0
4,0
4,0
4,0
4,0
4,0
4,0
4,0
4,0
4,0
4,0
4,0
4,0
4,0
4,0
4,0
4,0
4,0
4,0
4,0
4,0
4,0
4,0
4,0
4,0
4,0
4,0
4,0
4,0
4,0
4,0
4,0
4,0
4,0
4,0
4,0
4,0
4,0
4,0
4,0
4,0
4,0
4,0
4,0
4,0
4,0
4,0
4,0
4,0
4,0
4,0
4,0
4,0
4,0
4,0
4,0
4,0
4,0
4,0
4,0
4,0
4,0
4,0
4,0
4,0
4,0
4,0
4,0
4,0
4,0
4,0
4,0
4,0
4,0
4,0
4,0
4,0
4,0
4,0
4,0
4,0
4,0
4,0
4,0
4,0
4,0
4,0
4,0
4,0
4,0
4,0
4,0
4,0
4,0
4,0
4,0
4,0
4,0
4,0
4,0
4,0
4,0
4,0
4,0
4,0
4,0
4,0
4,0
4,0
4,0
4,0
4,0
4,0
4,0
4,0
4,0
4,0
4,0
4,0
4,0
4,0
4,0
4,0
4,0
4,0
4,0
4,0
4,0
4,0
4,0
4,0
4,0
4,0
4,0
4,0
4,0
4,0
4,0
4,0
4,0
4,0
4,0
4,0
4,0
4,0
4,0
4,0
4,0
4,0
4,0
4,0
4,0
4,0
4,0
4,0
4,0
4,0
4,0
4,0
4,0
4,0
4,0
4,0
4,0
4,0
4,0
4,0
4,0
4,0
4,0
4,0
4,0
4,0
4,0
4,0
4,0
4,0
4,0
4,0
4,0
4,0
4,0
4,0
4,0
4,0
4,0
4,0
4,0
4,0
4,0
4,0
4,0
4,0
4,0
4,0
4,0
4,0
4,0
4,0
4,0
4,0
4,0
4,0
4,0
4,0
4,0
4,0
4,0
4,0
4,0
4,0
4,0
4,0
4,0
4,0
4,0
4,0
4,0
4,0
4,0
4,0
4,0
4,0
4,0
4,0
4,0
4,0
4,0
4,0
4,0
4,0
4,0
4,0
4,0
4,0
4,0
4,0
4,0
4,0
4,0
4,0
4,0
4,0
4,0
4,0
4,0
4,0
4,0
4,0
4,0
4,0
4,0
4,0
4,0
4,0
4,0
4,0
4,0
4,0
4,0
4,0
4,0
4,0
4,0
4,0
4,0
4,0
4,0
4,0
4,0
4,0
4,0
4,0
4,0
4,0
4,0
4,0
4,0
4,0
4,0
4,0
4,0
4,0
4,0
4,0
4,0
4,0
4,0
4,0
4,0
4,0
4,0
4,0
4,0
4,0
4,0
4,0
4,0
4,0
4,0
4,0
4,0
4,0
4,0
4,0
4,0
4,0
4,0
4,0
4,0
4,0
4,0
4,0
4,0
4,0
4,0
4,0
4,0
4,0
4,0
4,0
4,0
4,0
4,0
4,0
4,0
4,0
4,0
4,0
4,0
4,0
4,0
4,0
4,0
4,0
4,0
4,0
4,0
4,0
4,0
4,0
4,0
4,0
4,0
4,0
4,0
4,0
4,0
4,0
4,1
4,0
4,0
4,0
4,0
4,0
4,0
4,0
4,0
4,0
4,0
4,0
4,0
4,0
4,0
4,0
4,0
4,0
4,0
4,0
4,0
4,0
4,0
4,0
4,0
4,0
4,0
4,0
4,0
4,0
4,0
4,0
4,0
4,0
4,0
4,0
4,0
4,0
4,0
4,0
4,0
4,0
4,0
4,0
4,0
4,0
4,0
4,0
4,0
4,0
4,0
4,0
4,0
4,0
4,0
4,0
4,0
4,0
4,0
4,0
4,0
4,0
4,0
4,0
4,0
4,0
4,0
4,0
4,0
4,0
4,0
4,0
4,0
4,0
4,0
4,0
4,0
4,0
4,0
4,0
4,0
4,0
4,0
4,0
4,0
4,0
4,0
4,0
4,0
4,0
4,0
4,0
4,0
4,0
4,0
4,0
4,0
4,0
4,0
4,0
4,0
4,0
4,0
4,0
4,0
4,0
4,0
4,0
4,0
4,0
4,0
4,0
4,0
4,0
4,0
4,0
4,0
4,0
4,0
4,0
4,0
4,0
4,0
4,0
4,0
4,0
4,0
4,0
4,0
4,0
4,0
4,0
4,0
4,0
4,0
4,0
4,0
4,0
4,0
4,0
4,0
4,0
4,0
4,0
4,0
4,0
4,0
4,0
4,0
4,0
4,0
4,0
4,0
4,0
4,0
4,0
4,0
4,0
4,0
4,0
4,0
4,0
4,0
4,0
4,0
4,0
4,0
4,0
4,0
4,0
4,0
4,0
4,0
4,0
4,0
4,0
4,0
4,0
4,0
4,0
4,0
4,0
4,0
4,0
4,0
4,0
4,0
4,0
4,0
4,0
4,0
4,0
4,0
4,0
4,0
4,0
4,0
4,0
4,0
4,0
4,0
4,0
4,0
4,0
4,0
4,0
4,0
4,0
4,0
4,0
4,0
4,0
4,0
4,0
4,0
4,0
4,0
4,0
4,0
4,0
4,0
4,0
4,0
4,0
4,0
4,0
4,0
4,1
4,0
4,0
4,0
4,0
4,0
4,0
4,0
4,0
4,0
4,0
4,0
4,0
4,0
4,0
4,0
4,0
4,0
4,0
4,0
4,0
4,0
4,0
4,0
4,0
4,0
4,0
4,0
4,0
4,0
4,0
4,0
4,0
4,0
4,0
4,0
4,0
4,0
4,0
4,0
4,0
4,0
4,0
4,0
4,0
4,0
4,0
4,0
4,0
4,0
4,0
4,0
4,0
4,0
4,0
4,0
4,0
4,0
4,0
4,0
4,0
4,0
4,0
4,0
4,0
4,0
4,0
4,0
4,0
4,0
4,0
4,0
4,0
4,0
4,0
4,0
4,0
4,0
4,0
4,0
4,0
4,0
4,0
4,0
4,0
4,0
4,0
4,0
4,0
4,0
4,0
4,0
4,0
4,0
4,0
4,0
4,0
4,0
4,0
4,0
4,0
4,0
4,0
4,0
4,0
4,0
4,0
4,0
4,0
4,0
4,0
4,0
4,0
4,0
4,0
4,0
4,0
4,0
4,0
4,0
4,0
4,0
4,0
4,0
4,0
4,0
4,0
4,0
4,0
4,0
4,0
4,0
4,0
4,0
4,0
4,0
4,0
4,0
4,0
4,0
4,0
4,0
4,0
4,0
4,0
4,0
4,0
4,0
4,0
4,0
4,0
4,0
4,0
4,0
4,0
4,0
4,0
4,0
4,0
4,0
4,0
4,0
4,0
4,0
4,0
4,0
4,0
4,0
4,0
4,0
4,0
4,0
4,0
4,0
4,0
4,0
4,0
4,0
4,0
4,0
4,0
4,0
4,0
4,0
4,0
4,0
4,0
4,0
4,0
4,0
4,0
4,0
4,0
4,0
4,0
4,0
4,0
4,0
4,0
4,0
4,0
4,0
4,0
4,0
4,0
4,0
4,0
4,0
4,0
4,0
4,0
4,0
4,0
4,0
4,0
4,0
4,0
4,0
4,0
4,0
4,0
4,0
4,0
4,0
4,0
4,0
4,0
4,0
4,0
4,0
4,0
4,0
4,0
4,0
4,0
4,0
4,0
4,0
4,0
4,0
4,0
4,0
4,0
4,0
4,0
4,0
4,0
4,0
4,0
4,0
4,0
4,0
4,0
4,0
4,0
4,0
4,0
4,0
4,0
4,0
4,0
4,0
4,0
4,0
4,0
4,0
4,0
4,0
4,0
4,0
4,0
4,0
4,0
4,0
4,0
4,0
4,0
4,0
4,0
4,0
4,0
4,0
4,0
4,0
4,0
4,0
4,0
4,0
4,0
4,0
4,0
4,0
4,0
4,0
4,0
4,0
4,0
4,0
4,0
4,0
4,0
4,0
4,0
4,0
4,0
4,0
4,0
4,0
4,0
4,0
4,0
4,0
4,0
4,0
4,0
4,0
4,0
4,0
4,0
4,0
4,0
4,0
4,0
4,0
4,0
4,0
4,0
4,0
4,0
4,0
4,0
4,0
4,0
4,0
4,0
4,0
4,0
4,0
4,0
4,0
4,0
4,0
4,0
4,0
4,0
4,0
4,0
4,0
4,0
4,0
4,0
4,0
4,0
4,0
4,0
4,0
4,0
4,0
4,0
4,0
4,0
4,0
4,0
4,0
4,0
4,0
4,0
4,0
4,0
4,0
4,0
4,0
4,0
4,0
4,0
4,0
4,0
4,0
4,0
4,0
4,0
4,0
4,0
4,0
4,0
4,0
4,0
4,0
4,0
4,0
4,0
4,0
4,0
4,0
4,0
4,0
4,0
4,0
4,0
4,0
4,0
4,0
4,0
4,0
4,0
4,0
4,0
4,0
4,0
4,0
4,0
4,0
4,0
4,0
4,0
4,0
4,0
4,0
4,0
4,0
4,0
4,0
4,0
4,0
4,0
4,0
4,0
4,0
4,0
4,0
4,0
4,0
4,0
4,0
4,0
4,0
4,0
4,0
4,0
4,0
4,0
4,0
4,0
4,0
4,0
4,0
4,0
4,0
4,0
4,0
4,0
4,0
4,0
4,0
4,0
4,0
4,0
4,0
4,0
4,0
4,0
4,0
4,0
4,0
4,0
4,0
4,0
4,0
4,0
4,0
4,0
4,0
4,0
4,0
4,0
4,0
4,0
4,0
4,0
4,0
4,0
4,0
4,0
4,0
4,0
4,0
4,0
4,0
4,0
4,0
4,0
4,0
4,0
4,0
4,0
4,0
4,0
4,0
4,0
4,0
4,0
4,0
4,0
4,0
4,0
4,0
4,0
4,0
4,0
4,0
4,0
4,0
4,0
4,0
4,0
4,0
4,0
4,0
4,0
4,0
4,0
4,0
4,0
4,0
4,0
4,0
4,0
4,0
4,0
4,0
4,0
4,0
4,0
4,0
4,0
4,0
4,0
4,0
4,0
4,0
4,0
4,0
4,0
4,0
4,0
4,0
4,0
4,0
4,0
4,0
4,0
4,0
4,0
4,0
4,0
4,0
4,0
4,0
4,0
4,0
4,0
4,0
4,0
4,0
4,0
4,0
4,0
4,0
4,0
4,0
4,0
4,0
4,0
4,0
4,0
4,0
4,0
4,0
4,0
4,0
4,0
4,0
4,0
4,0
4,0
4,0
4,0
4,0
4,0
4,0
4,0
4,0
4,0
4,0
4,0
4,0
4,0
4,0
4,0
4,0
4,0
4,0
4,0
4,0
4,0
4,0
4,0
4,0
4,0
4,0
4,0
4,0
4,0
4,0
4,0
4,0
4,0
4,0
4,0
4,0
4,0
4,0
4,0
4,0
4,0
4,0
4,0
4,0
4,0
4,0
4,0
4,0
4,0
4,0
4,0
4,0
4,0
4,0
4,0
4,0
4,0
4,0
4,0
4,0
4,0
4,0
4,0
4,0
4,0
4,0
4,0
4,0
4,0
4,0
4,0
4,0
4,0
4,0
4,0
4,0
4,0
4,0
4,0
4,0
4,0
4,0
4,0
4,0
4,0
4,0
4,0
4,0
4,0
4,0
4,0
4,0
4,0
4,0
4,0
4,0
4,0
4,0
4,0
4,0
4,0
4,0
4,0
4,0
4,0
4,0
4,0
4,0
4,0
4,0
4,0
4,0
4,0
4,0
4,0
4,0
4,0
4,0
4,0
4,0
4,0
4,0
4,0
4,0
4,0
4,0
4,0
4,0
4,0
4,0
4,0
4,0
4,0
4,0
4,0
4,0
4,0
4,0
4,0
4,0
4,0
4,0
4,0
4,0
4,0
4,0
4,0
4,0
4,0
4,0
4,0
4,0
4,0
4,0
4,0
4,0
4,0
4,0
4,0
4,0
4,0
4,0
4,0
4,0
4,0
4,0
4,0
4,0
4,0
4,0
4,0
4,0
4,0
4,0
4,0
4,0
4,0
4,0
4,0
4,0
4,0
4,0
4,0
4,0
4,0
4,0
4,0
4,0
4,0
4,0
4,0
4,0
4,0
4,0
4,0
4,0
4,0
4,0
4,0
4,0
4,0
4,0
4,0
4,0
4,0
4,0
4,0
4,0
4,0
4,0
4,0
4,0
4,0
4,0
4,0
4,0
4,0
4,0
4,0
4,0
4,0
4,0
4,0
4,0
4,0
4,0
4,0
4,0
4,0
4,0
4,0
4,0
4,0
4,0
4,0
4,0
4,0
4,0
4,0
4,0
4,0
4,0
4,0
4,0
4,0
4,0
4,0
4,0
4,0
4,0
4,0
4,0
4,0
4,0
4,0
4,0
4,0
4,0
4,0
4,0
4,0
4,0
4,0
4,0
4,0
4,0
4,0
4,0
4,0
4,0
4,0
4,0
4,0
4,0
4,0
4,0
4,0
4,0
4,0
4,0
4,0
4,0
4,0
4,0
4,0
4,0
4,0
4,0
4,0
4,0
4,0
4,0
4,0
4,0
4,0
4,0
4,0
4,0
4,0
4,0
4,0
4,0
4,0
4,0
4,0
4,0
4,0
4,0
4,0
4,0
4,0
4,0
4,0
4,0
4,0
4,0
4,0
4,0
4,0
4,0
4,0
4,0
4,0
4,0
4,0
4,0
4,0
4,0
4,0
4,0
4,0
4,0
4,0
4,0
4,0
4,0
4,0
4,0
4,0
4,0
4,0
4,0
4,0
4,0
4,0
4,0
4,0
4,0
4,0
4,0
4,0
4,0
4,0
4,0
4,0
4,1
4,0
4,0
4,0
4,0
4,0
4,0
4,0
4,0
4,0
4,0
4,0
4,0
4,0
4,0
4,0
4,0
4,0
4,0
4,0
4,0
4,0
4,0
4,0
4,0
4,0
4,0
4,0
4,0
4,0
4,0
4,0
4,0
4,0
4,0
4,0
4,0
4,0
4,0
4,0
4,0
4,0
4,0
4,0
4,0
4,0
4,0
4,0
4,0
